1.875000074505805969e-02 0.000000000000000000e+00
5.625000223517417908e-02 0.000000000000000000e+00
9.375000000000000000e-02 0.000000000000000000e+00
1.312499940395355225e-01 0.000000000000000000e+00
1.687500029802322388e-01 0.000000000000000000e+00
2.062499970197677612e-01 0.000000000000000000e+00
2.437499910593032837e-01 0.000000000000000000e+00
2.812500000000000000e-01 0.000000000000000000e+00
3.187500238418579102e-01 0.000000000000000000e+00
3.562499880790710449e-01 0.000000000000000000e+00
3.937500119209289551e-01 0.000000000000000000e+00
4.312499761581420898e-01 0.000000000000000000e+00
4.687500000000000000e-01 0.000000000000000000e+00
5.062500238418579102e-01 0.000000000000000000e+00
5.437499880790710449e-01 0.000000000000000000e+00
5.812500119209289551e-01 0.000000000000000000e+00
6.187499761581420898e-01 0.000000000000000000e+00
6.562500000000000000e-01 0.000000000000000000e+00
6.937500238418579102e-01 0.000000000000000000e+00
7.312499880790710449e-01 0.000000000000000000e+00
7.687500119209289551e-01 0.000000000000000000e+00
8.062499761581420898e-01 0.000000000000000000e+00
8.437500000000000000e-01 0.000000000000000000e+00
8.812500238418579102e-01 0.000000000000000000e+00
9.187499880790710449e-01 0.000000000000000000e+00
9.562500119209289551e-01 0.000000000000000000e+00
9.937500357627868652e-01 0.000000000000000000e+00
1.031250000000000000e+00 0.000000000000000000e+00
1.068749904632568359e+00 1.150000000000000000e+02
1.106250047683715820e+00 9.430000000000000000e+02
1.143749952316284180e+00 4.307000000000000000e+03
1.181250095367431641e+00 1.573000000000000000e+04
1.218750000000000000e+00 4.708600000000000000e+04
1.256249904632568359e+00 1.259880000000000000e+05
1.293750047683715820e+00 2.792550000000000000e+05
1.331249952316284180e+00 5.397640000000000000e+05
1.368750095367431641e+00 9.394950000000000000e+05
1.406250000000000000e+00 1.473505000000000000e+06
1.443749904632568359e+00 2.118778000000000000e+06
1.481250047683715820e+00 2.766728000000000000e+06
1.518749952316284180e+00 3.445043000000000000e+06
1.556250095367431641e+00 3.972144000000000000e+06
1.593750000000000000e+00 4.339588000000000000e+06
1.631249904632568359e+00 4.563515000000000000e+06
1.668750047683715820e+00 4.665058000000000000e+06
1.706249952316284180e+00 4.622194000000000000e+06
1.743750095367431641e+00 4.476608000000000000e+06
1.781250000000000000e+00 4.362318000000000000e+06
1.818749904632568359e+00 4.176317000000000000e+06
1.856250047683715820e+00 4.014593000000000000e+06
1.893749952316284180e+00 3.770493000000000000e+06
1.931250095367431641e+00 3.657336000000000000e+06
1.968750000000000000e+00 3.407650000000000000e+06
2.006249904632568359e+00 3.232954000000000000e+06
2.043750047683715820e+00 3.141596000000000000e+06
2.081249952316284180e+00 2.849518000000000000e+06
2.118750095367431641e+00 2.746167000000000000e+06
2.156250000000000000e+00 2.571363000000000000e+06
2.193749904632568359e+00 2.489621000000000000e+06
2.231250047683715820e+00 2.330022000000000000e+06
2.268749952316284180e+00 2.219403000000000000e+06
2.306250095367431641e+00 2.098715000000000000e+06
2.343750000000000000e+00 1.998874000000000000e+06
2.381249904632568359e+00 1.872909000000000000e+06
2.418750047683715820e+00 1.760630000000000000e+06
2.456249952316284180e+00 1.705608000000000000e+06
2.493750095367431641e+00 1.578851000000000000e+06
2.531250000000000000e+00 1.511799000000000000e+06
2.568749904632568359e+00 1.436043000000000000e+06
2.606250047683715820e+00 1.348510000000000000e+06
2.643749952316284180e+00 1.291601000000000000e+06
2.681250095367431641e+00 1.214197000000000000e+06
2.718750000000000000e+00 1.141175000000000000e+06
2.756249904632568359e+00 1.082200000000000000e+06
2.793750047683715820e+00 1.020731000000000000e+06
2.831249952316284180e+00 9.720830000000000000e+05
2.868750095367431641e+00 9.171860000000000000e+05
2.906250000000000000e+00 8.516360000000000000e+05
2.943749904632568359e+00 1.082654000000000000e+06
2.981250047683715820e+00 2.464130000000000000e+05
