1.875000074505805969e-02 0.000000000000000000e+00
5.625000223517417908e-02 0.000000000000000000e+00
9.375000000000000000e-02 0.000000000000000000e+00
1.312499940395355225e-01 0.000000000000000000e+00
1.687500029802322388e-01 0.000000000000000000e+00
2.062499970197677612e-01 0.000000000000000000e+00
2.437499910593032837e-01 0.000000000000000000e+00
2.812500000000000000e-01 0.000000000000000000e+00
3.187500238418579102e-01 0.000000000000000000e+00
3.562499880790710449e-01 0.000000000000000000e+00
3.937500119209289551e-01 0.000000000000000000e+00
4.312499761581420898e-01 0.000000000000000000e+00
4.687500000000000000e-01 0.000000000000000000e+00
5.062500238418579102e-01 0.000000000000000000e+00
5.437499880790710449e-01 0.000000000000000000e+00
5.812500119209289551e-01 0.000000000000000000e+00
6.187499761581420898e-01 0.000000000000000000e+00
6.562500000000000000e-01 0.000000000000000000e+00
6.937500238418579102e-01 0.000000000000000000e+00
7.312499880790710449e-01 0.000000000000000000e+00
7.687500119209289551e-01 0.000000000000000000e+00
8.062499761581420898e-01 0.000000000000000000e+00
8.437500000000000000e-01 0.000000000000000000e+00
8.812500238418579102e-01 0.000000000000000000e+00
9.187499880790710449e-01 0.000000000000000000e+00
9.562500119209289551e-01 0.000000000000000000e+00
9.937500357627868652e-01 0.000000000000000000e+00
1.031250000000000000e+00 0.000000000000000000e+00
1.068749904632568359e+00 1.150000000000000000e+02
1.106250047683715820e+00 9.600000000000000000e+02
1.143749952316284180e+00 4.222000000000000000e+03
1.181250095367431641e+00 1.579300000000000000e+04
1.218750000000000000e+00 4.752700000000000000e+04
1.256249904632568359e+00 1.262130000000000000e+05
1.293750047683715820e+00 2.747580000000000000e+05
1.331249952316284180e+00 5.399710000000000000e+05
1.368750095367431641e+00 9.351770000000000000e+05
1.406250000000000000e+00 1.488405000000000000e+06
1.443749904632568359e+00 2.116121000000000000e+06
1.481250047683715820e+00 2.781355000000000000e+06
1.518749952316284180e+00 3.412045000000000000e+06
1.556250095367431641e+00 3.947387000000000000e+06
1.593750000000000000e+00 4.352748000000000000e+06
1.631249904632568359e+00 4.586431000000000000e+06
1.668750047683715820e+00 4.676200000000000000e+06
1.706249952316284180e+00 4.612490000000000000e+06
1.743750095367431641e+00 4.520673000000000000e+06
1.781250000000000000e+00 4.324807000000000000e+06
1.818749904632568359e+00 4.158179000000000000e+06
1.856250047683715820e+00 4.003902000000000000e+06
1.893749952316284180e+00 3.782298000000000000e+06
1.931250095367431641e+00 3.704649000000000000e+06
1.968750000000000000e+00 3.396757000000000000e+06
2.006249904632568359e+00 3.229730000000000000e+06
2.043750047683715820e+00 3.108921000000000000e+06
2.081249952316284180e+00 2.868529000000000000e+06
2.118750095367431641e+00 2.762108000000000000e+06
2.156250000000000000e+00 2.613793000000000000e+06
2.193749904632568359e+00 2.470524000000000000e+06
2.231250047683715820e+00 2.326465000000000000e+06
2.268749952316284180e+00 2.215372000000000000e+06
2.306250095367431641e+00 2.091209000000000000e+06
2.343750000000000000e+00 1.974349000000000000e+06
2.381249904632568359e+00 1.864330000000000000e+06
2.418750047683715820e+00 1.756973000000000000e+06
2.456249952316284180e+00 1.695078000000000000e+06
2.493750095367431641e+00 1.568364000000000000e+06
2.531250000000000000e+00 1.505961000000000000e+06
2.568749904632568359e+00 1.439795000000000000e+06
2.606250047683715820e+00 1.340966000000000000e+06
2.643749952316284180e+00 1.276988000000000000e+06
2.681250095367431641e+00 1.201869000000000000e+06
2.718750000000000000e+00 1.134974000000000000e+06
2.756249904632568359e+00 1.073491000000000000e+06
2.793750047683715820e+00 1.018713000000000000e+06
2.831249952316284180e+00 9.728990000000000000e+05
2.868750095367431641e+00 9.138870000000000000e+05
2.906250000000000000e+00 8.531230000000000000e+05
2.943749904632568359e+00 1.082962000000000000e+06
2.981250047683715820e+00 2.540950000000000000e+05
