1.875000074505805969e-02 0.000000000000000000e+00
5.625000223517417908e-02 0.000000000000000000e+00
9.375000000000000000e-02 0.000000000000000000e+00
1.312499940395355225e-01 0.000000000000000000e+00
1.687500029802322388e-01 0.000000000000000000e+00
2.062499970197677612e-01 0.000000000000000000e+00
2.437499910593032837e-01 0.000000000000000000e+00
2.812500000000000000e-01 0.000000000000000000e+00
3.187500238418579102e-01 0.000000000000000000e+00
3.562499880790710449e-01 0.000000000000000000e+00
3.937500119209289551e-01 0.000000000000000000e+00
4.312499761581420898e-01 0.000000000000000000e+00
4.687500000000000000e-01 0.000000000000000000e+00
5.062500238418579102e-01 0.000000000000000000e+00
5.437499880790710449e-01 0.000000000000000000e+00
5.812500119209289551e-01 0.000000000000000000e+00
6.187499761581420898e-01 0.000000000000000000e+00
6.562500000000000000e-01 0.000000000000000000e+00
6.937500238418579102e-01 0.000000000000000000e+00
7.312499880790710449e-01 0.000000000000000000e+00
7.687500119209289551e-01 0.000000000000000000e+00
8.062499761581420898e-01 0.000000000000000000e+00
8.437500000000000000e-01 0.000000000000000000e+00
8.812500238418579102e-01 0.000000000000000000e+00
9.187499880790710449e-01 0.000000000000000000e+00
9.562500119209289551e-01 0.000000000000000000e+00
9.937500357627868652e-01 0.000000000000000000e+00
1.031250000000000000e+00 0.000000000000000000e+00
1.068749904632568359e+00 1.040000000000000000e+02
1.106250047683715820e+00 9.660000000000000000e+02
1.143749952316284180e+00 4.259000000000000000e+03
1.181250095367431641e+00 1.590600000000000000e+04
1.218750000000000000e+00 4.714300000000000000e+04
1.256249904632568359e+00 1.256730000000000000e+05
1.293750047683715820e+00 2.738840000000000000e+05
1.331249952316284180e+00 5.476310000000000000e+05
1.368750095367431641e+00 9.392420000000000000e+05
1.406250000000000000e+00 1.485261000000000000e+06
1.443749904632568359e+00 2.117611000000000000e+06
1.481250047683715820e+00 2.798365000000000000e+06
1.518749952316284180e+00 3.367937000000000000e+06
1.556250095367431641e+00 3.966253000000000000e+06
1.593750000000000000e+00 4.280077000000000000e+06
1.631249904632568359e+00 4.572908000000000000e+06
1.668750047683715820e+00 4.647487000000000000e+06
1.706249952316284180e+00 4.584181000000000000e+06
1.743750095367431641e+00 4.529329000000000000e+06
1.781250000000000000e+00 4.313663000000000000e+06
1.818749904632568359e+00 4.200537000000000000e+06
1.856250047683715820e+00 3.965818000000000000e+06
1.893749952316284180e+00 3.756305000000000000e+06
1.931250095367431641e+00 3.617405000000000000e+06
1.968750000000000000e+00 3.405012000000000000e+06
2.006249904632568359e+00 3.230960000000000000e+06
2.043750047683715820e+00 3.102299000000000000e+06
2.081249952316284180e+00 2.892381000000000000e+06
2.118750095367431641e+00 2.772994000000000000e+06
2.156250000000000000e+00 2.613320000000000000e+06
2.193749904632568359e+00 2.478902000000000000e+06
2.231250047683715820e+00 2.337714000000000000e+06
2.268749952316284180e+00 2.217385000000000000e+06
2.306250095367431641e+00 2.081280000000000000e+06
2.343750000000000000e+00 1.974499000000000000e+06
2.381249904632568359e+00 1.884311000000000000e+06
2.418750047683715820e+00 1.754096000000000000e+06
2.456249952316284180e+00 1.671669000000000000e+06
2.493750095367431641e+00 1.560501000000000000e+06
2.531250000000000000e+00 1.514369000000000000e+06
2.568749904632568359e+00 1.438774000000000000e+06
2.606250047683715820e+00 1.333392000000000000e+06
2.643749952316284180e+00 1.280227000000000000e+06
2.681250095367431641e+00 1.199267000000000000e+06
2.718750000000000000e+00 1.147143000000000000e+06
2.756249904632568359e+00 1.084266000000000000e+06
2.793750047683715820e+00 1.025573000000000000e+06
2.831249952316284180e+00 9.656550000000000000e+05
2.868750095367431641e+00 9.168860000000000000e+05
2.906250000000000000e+00 8.469230000000000000e+05
2.943749904632568359e+00 1.097538000000000000e+06
2.981250047683715820e+00 2.511260000000000000e+05
