2.999999999999999889e-02 8.485672020946055660e-01
8.999999999999999667e-02 8.561977490951282466e-01
1.499999999999999944e-01 8.663247508802198737e-01
2.099999999999999922e-01 8.789482074498802255e-01
2.700000000000000178e-01 8.940681188041095240e-01
3.299999999999999600e-01 9.116844849429075470e-01
3.900000000000000133e-01 9.317973058662744057e-01
4.499999999999999556e-01 9.544065815742101000e-01
5.100000000000000089e-01 9.795123120667146299e-01
5.700000000000000622e-01 1.007114497343787995e+00
6.299999999999998934e-01 1.037213137405430086e+00
6.899999999999999467e-01 1.069808232251641122e+00
7.500000000000000000e-01 1.104899781882421106e+00
8.100000000000000533e-01 1.142487786297769592e+00
8.699999999999998845e-01 1.182572245497687025e+00
9.299999999999999378e-01 1.225153159482173404e+00
9.899999999999999911e-01 1.270230528251228508e+00
1.050000000000000044e+00 1.317804351804852558e+00
1.109999999999999876e+00 1.367874630143045334e+00
1.169999999999999929e+00 1.420441363265806833e+00
1.229999999999999982e+00 1.475504551173137280e+00
1.290000000000000036e+00 1.533064193865036673e+00
1.349999999999999867e+00 1.593120291341504569e+00
1.409999999999999920e+00 1.655672843602541633e+00
1.469999999999999973e+00 1.720721850648147200e+00
1.530000000000000027e+00 1.788267312478321713e+00
1.589999999999999858e+00 1.858309229093065174e+00
1.649999999999999911e+00 1.930847600492377580e+00
1.709999999999999964e+00 2.005882426676258490e+00
1.770000000000000018e+00 2.083413707644708346e+00
1.829999999999999849e+00 2.163441443397727149e+00
1.889999999999999902e+00 2.245965633935314454e+00
1.949999999999999956e+00 2.330986279257470706e+00
2.009999999999999787e+00 2.418503379364195904e+00
2.070000000000000284e+00 2.508516934255490494e+00
2.129999999999999893e+00 2.601026943931353141e+00
2.189999999999999947e+00 2.696033408391784736e+00
2.250000000000000000e+00 2.793536327636785277e+00
2.309999999999999609e+00 2.893535701666353877e+00
2.370000000000000107e+00 2.996031530480492755e+00
2.429999999999999716e+00 3.101023814079198804e+00
2.490000000000000213e+00 3.208512552462475576e+00
2.549999999999999822e+00 3.318497745630319962e+00
2.609999999999999876e+00 3.430979393582733294e+00
2.669999999999999929e+00 3.545957496319715574e+00
2.729999999999999538e+00 3.663432053841265912e+00
2.790000000000000036e+00 3.783403066147386973e+00
2.849999999999999645e+00 3.905870533238074760e+00
2.910000000000000142e+00 4.030834455113333270e+00
2.969999999999999751e+00 4.158294831773159395e+00
