1.549999999999999989e-02 3.325230854152049637e-03 2.597436972882634539e-03 2.237391023075811693e-03 1.994809505666256429e-03 1.819342259257484889e-03 1.683347302443963722e-03 1.576321311931693902e-03 1.488244990638230196e-03 1.416415977900673277e-03 1.357121387851786039e-03
4.649999999999999967e-02 4.053614755537736369e-02 3.215874347378500087e-02 2.780757414394223470e-02 2.479263242756633151e-02 2.278509591355802263e-02 2.124223976893573410e-02 1.996673661780145811e-02 1.899284083290693828e-02 1.814361419310862519e-02 1.744870355809439305e-02
7.749999999999999944e-02 8.962288873571715164e-02 7.198611039131871947e-02 6.286003350546327806e-02 5.670958451822643437e-02 5.189457206167778086e-02 4.873691237552047612e-02 4.586344388525071675e-02 4.344257996482071837e-02 4.148075363851971842e-02 4.006739335562416182e-02
1.084999999999999992e-01 2.131314633185075469e-01 1.742756521329348607e-01 1.533145562955282593e-01 1.388767379659079371e-01 1.282203116048132308e-01 1.196779772642303785e-01 1.125193165040766358e-01 1.066575576624065047e-01 1.019145020289484310e-01 9.816511372127920132e-02
1.395000000000000129e-01 2.530342335683321564e-01 2.108871447030900570e-01 1.857034549152923597e-01 1.674690075471242934e-01 1.541242799628126381e-01 1.434853176845092837e-01 1.351883182280466944e-01 1.284851508584338997e-01 1.230258449376584740e-01 1.180695607431053867e-01
1.704999999999999849e-01 3.166886527763856374e-01 2.661754459830204533e-01 2.405728061954849062e-01 2.205689367693832170e-01 2.045460511479486598e-01 1.915809548971939558e-01 1.812018879525290060e-01 1.725655501049567220e-01 1.655183242746786909e-01 1.594294506585884064e-01
2.015000000000000124e-01 4.455809344563746444e-01 3.810811101643522547e-01 3.432797083976317221e-01 3.184095934758710000e-01 2.962062468762543532e-01 2.800769273685337901e-01 2.663983017164562872e-01 2.557655319625415924e-01 2.456469995959167651e-01 2.376254925300484433e-01
2.324999999999999845e-01 5.857156633099253051e-01 4.963578367703815331e-01 4.477978319041731603e-01 4.129255676729151059e-01 3.870000891477707317e-01 3.648054082582132818e-01 3.475413178211306242e-01 3.327290586212615087e-01 3.201100110055521419e-01 3.101991743661225431e-01
2.635000000000000120e-01 7.912465989617996076e-01 6.740967382004932063e-01 6.096357825733235147e-01 5.613963894517893793e-01 5.235373939377609975e-01 4.947437881278164418e-01 4.718455127048870046e-01 4.515760514450858909e-01 4.361212244336072907e-01 4.229694992138066101e-01
2.944999999999999840e-01 7.654364737605241498e-01 6.651912400077527598e-01 6.006862184810202177e-01 5.510423782080929866e-01 5.128812464192529230e-01 4.819984442664549396e-01 4.581089984151965888e-01 4.388905346201219526e-01 4.233060322526012165e-01 4.098506591312393588e-01
3.255000000000000115e-01 6.568122658582239426e-01 5.808363821265166704e-01 5.396374062799517146e-01 5.013621224241191499e-01 4.684373140859628415e-01 4.407965150542551003e-01 4.199770352503727766e-01 4.010465905724640567e-01 3.865466652070837505e-01 3.745008782190999974e-01
3.564999999999999836e-01 8.398583071629748265e-01 7.633990950776960993e-01 7.084006148776701428e-01 6.557223817911508323e-01 6.160639431228559504e-01 5.830794418084472852e-01 5.563663601922721469e-01 5.349177709208267073e-01 5.171941770734458377e-01 5.012301659132596399e-01
3.875000000000000111e-01 9.958274686553446609e-01 8.937656936214245507e-01 8.318832908655208191e-01 7.791155983559350240e-01 7.322419416782981472e-01 6.928978134440773040e-01 6.598030634228375657e-01 6.323623834030919211e-01 6.137128087103916885e-01 5.968749113428141184e-01
4.184999999999999831e-01 9.875935636831587594e-01 8.914156315983402523e-01 8.287935604050827854e-01 7.776907344233161545e-01 7.392594046782914319e-01 7.060439542822111170e-01 6.777431012110125552e-01 6.527726004175590235e-01 6.338124259206012745e-01 6.176841059565414405e-01
4.495000000000000107e-01 9.228307341903878580e-01 8.425590790131668451e-01 7.861765885369721429e-01 7.387444535984036831e-01 7.024393827647470445e-01 6.726976458147496674e-01 6.492942546766262701e-01 6.261967970133049954e-01 6.074401093796887308e-01 5.915756754473927570e-01
4.804999999999999827e-01 1.130420146085308497e+00 1.029450853585817560e+00 9.693230251401778741e-01 9.125778533778916568e-01 8.705119533818670430e-01 8.348601026168516182e-01 8.032483028086216947e-01 7.768638851131561829e-01 7.529262648240577782e-01 7.319408018480632050e-01
5.115000000000000657e-01 1.157972058876854282e+00 1.048003974820693296e+00 9.907380535039034264e-01 9.460146603300118029e-01 9.066388925299799784e-01 8.717334244799097576e-01 8.406296367772876366e-01 8.130069777429418387e-01 7.900228737690754288e-01 7.711680724397791398e-01
5.424999999999999822e-01 1.136753919140836455e+00 1.039345851577751167e+00 9.872221533247843572e-01 9.341407942248555196e-01 8.924306958386357680e-01 8.587476024324849355e-01 8.293701988349183596e-01 8.031562132810983190e-01 7.788938910855701669e-01 7.632838434246402848e-01
5.735000000000000098e-01 1.013087000231657875e+00 9.277797492186972139e-01 8.803600963654967249e-01 8.400047837431764419e-01 8.053621734313133329e-01 7.747405561009956809e-01 7.504040073991021798e-01 7.321456665849312984e-01 7.142108947614395076e-01 7.008562595834580966e-01
6.045000000000000373e-01 1.076583075113323185e+00 9.908603614172754037e-01 9.397042296918409754e-01 8.950045315422603398e-01 8.633212196905160063e-01 8.309322922444822845e-01 8.073017004678746389e-01 7.884155009928720537e-01 7.701256016985660313e-01 7.532023702577411717e-01
6.354999999999999538e-01 1.135487164529730864e+00 1.036129977230372701e+00 9.800838105368758768e-01 9.362305946593629802e-01 9.014407717892443106e-01 8.740580469451896262e-01 8.490366837742566730e-01 8.299446231125864326e-01 8.120110456164859603e-01 7.972118781209348581e-01
6.664999999999999813e-01 1.192016089050315530e+00 1.087583966788428835e+00 1.026855937162127308e+00 9.820162223608456253e-01 9.418994782213035988e-01 9.135766288549453940e-01 8.903963524825596609e-01 8.690642057236485085e-01 8.513334510982046854e-01 8.385071432084248988e-01
6.975000000000000089e-01 1.166047619522652123e+00 1.064949158881880242e+00 9.960651749874173122e-01 9.488643881952493198e-01 9.166885926287355879e-01 8.851200435041070014e-01 8.575187936908414965e-01 8.371732416385435638e-01 8.201048512044897265e-01 8.045791085121303254e-01
7.284999999999999254e-01 1.081650093557745107e+00 9.928393610156621696e-01 9.387453478248084515e-01 8.887351302387378471e-01 8.517987187152186168e-01 8.215536429880088143e-01 8.030981769693901207e-01 7.823916522212410740e-01 7.650669732060636496e-01 7.535254943977059972e-01
7.595000000000000639e-01 1.234927401501515920e+00 1.136811581798299553e+00 1.071923384912654376e+00 1.027706859133487027e+00 9.864300459002725008e-01 9.522936168111566513e-01 9.228985966761988902e-01 9.036481845537177593e-01 8.870810924452215973e-01 8.706256827209172267e-01
7.904999999999999805e-01 1.153221729085208480e+00 1.077936343746293213e+00 1.020889561100591703e+00 9.798314309974969216e-01 9.422460196040193248e-01 9.165425264830610041e-01 8.874688986175437444e-01 8.639616514700316774e-01 8.439141293092011775e-01 8.273270479656459342e-01
8.215000000000000080e-01 1.161772322710170835e+00 1.095499965181975899e+00 1.048057880666512398e+00 9.980696893350170518e-01 9.594864533941258600e-01 9.251195817859898529e-01 9.037575521741711970e-01 8.789858389945700567e-01 8.589551180269081598e-01 8.445818770397615083e-01
8.525000000000000355e-01 1.126461537925603995e+00 1.057156847963232060e+00 1.005227823939061071e+00 9.600733177985167899e-01 9.247456797768759396e-01 8.933764612256178683e-01 8.677273507585896439e-01 8.477326941911671465e-01 8.298174179100944459e-01 8.165347016908246491e-01
8.834999999999999520e-01 9.532328448569208357e-01 9.328509356895632321e-01 8.903750847545028879e-01 8.490289219830953193e-01 8.149786968016743405e-01 7.875660593577116231e-01 7.642906475280241141e-01 7.444059705554272321e-01 7.298589188982469445e-01 7.178525893456019213e-01
9.144999999999999796e-01 8.930620008294075651e-01 9.538778064224225917e-01 9.228705258039371362e-01 8.844605384408815718e-01 8.504125531843557129e-01 8.269243224767586220e-01 8.051999387186324908e-01 7.832420779301771940e-01 7.639203507477630994e-01 7.495833798901364586e-01
9.455000000000000071e-01 7.779456755451913397e-01 9.048975663623500809e-01 8.688535139611069935e-01 8.358251828741614098e-01 8.056220794683500719e-01 7.796302792176187380e-01 7.575349847626027255e-01 7.407207924833706381e-01 7.264864999032453197e-01 7.125533534501805599e-01
9.764999999999999236e-01 6.488950495388142725e-01 8.128740850373654681e-01 8.208028781798121232e-01 7.870948363786001156e-01 7.620445005918493608e-01 7.407529724706984897e-01 7.191027699193156542e-01 7.030894548629468277e-01 6.882432684999271189e-01 6.764280746021259505e-01
1.007499999999999840e+00 6.335356498791594460e-01 8.243770202029885308e-01 8.829171146775833812e-01 8.638475068823302516e-01 8.363776271843694765e-01 8.128162688943710856e-01 7.916886131877893806e-01 7.697770042053551087e-01 7.521843326451576051e-01 7.407944032830963144e-01
1.038499999999999979e+00 5.257031636088002058e-01 7.203558538127839972e-01 7.932083888952103923e-01 8.120774506638488432e-01 7.940995784930526824e-01 7.697706735890182950e-01 7.504040073991021798e-01 7.300904711216690268e-01 7.132666174428390349e-01 7.019548816593380591e-01
1.069500000000000117e+00 4.164455784009471473e-01 5.740335710070622044e-01 6.420246811930877540e-01 6.786151956418922104e-01 6.826865239499514404e-01 6.740603555357757015e-01 6.586771196286006491e-01 6.427092295284815293e-01 6.302376617858995722e-01 6.192351018283721586e-01
1.100500000000000034e+00 3.957024716440938894e-01 5.582015742199680775e-01 6.423443084820985582e-01 6.869743973799222747e-01 7.060780672832619453e-01 7.078876203753640128e-01 6.980100895072772760e-01 6.831753195120257027e-01 6.693577221279182199e-01 6.591086207000175223e-01
1.131499999999999950e+00 3.276144112971710043e-01 4.612305938990163834e-01 5.415551700140167624e-01 5.847641579467368622e-01 6.042815361105218219e-01 6.161852720898451929e-01 6.183683317949187908e-01 6.141490994700430361e-01 6.105427348550901412e-01 6.024972713782000833e-01
1.162500000000000089e+00 2.896117729640046989e-01 3.894918584574960096e-01 4.634595690657038469e-01 5.090563876602604010e-01 5.380054966661419469e-01 5.551038128297356433e-01 5.631220229576936465e-01 5.675174230967118261e-01 5.623845916064673656e-01 5.589401373109570414e-01
1.193500000000000005e+00 2.541426438530495213e-01 3.306166204054896141e-01 4.075247934888085455e-01 4.563364221533665055e-01 4.835118642340963668e-01 5.013168585468833482e-01 5.143311252074269646e-01 5.259883009769974471e-01 5.301442660142519081e-01 5.336718295657166822e-01
1.224499999999999922e+00 2.520841676100029627e-01 3.113213743212185913e-01 3.818480679382718623e-01 4.286940618605626363e-01 4.523231397896823047e-01 4.741428235217164944e-01 4.864077191103512443e-01 4.987038094819631895e-01 5.086282328261417796e-01 5.159000018676574983e-01
1.255500000000000060e+00 2.555677427905432286e-01 3.083528749236384425e-01 3.797172193448662969e-01 4.325886899430538834e-01 4.663580657896686521e-01 4.863270516155965839e-01 4.989432266861890675e-01 5.100428189344450303e-01 5.200270090292471448e-01 5.246243536467047885e-01
1.286499999999999977e+00 2.174067601309887521e-01 2.606095096125576327e-01 3.228235619009385826e-01 3.769240056420812279e-01 4.089188316045394012e-01 4.335821694723523967e-01 4.485009447043748487e-01 4.602220461526032591e-01 4.707896917022237337e-01 4.766081064479487095e-01
1.317499999999999893e+00 2.104396097699082757e-01 2.418090134278833292e-01 2.982122606471046544e-01 3.494716272069598451e-01 3.823217804811085974e-01 4.067287720286034136e-01 4.223790486780781839e-01 4.313075720487747344e-01 4.396959885683089930e-01 4.464929366032376334e-01
1.348500000000000032e+00 1.852628618741856137e-01 2.121240194520818134e-01 2.607093254031672136e-01 3.122351831011897505e-01 3.509597853453367278e-01 3.684125810491646336e-01 3.866490989409598344e-01 3.972196748822514611e-01 4.110304271107954044e-01 4.207076302340536644e-01
1.379499999999999948e+00 1.849461732214092158e-01 2.076712703557115902e-01 2.529317280372370136e-01 2.975115891307959504e-01 3.298207609996783307e-01 3.549458026296128943e-01 3.687841240724005765e-01 3.847467644845215529e-01 3.945055740352875207e-01 4.039051749558886795e-01
1.410499999999999865e+00 1.759205466172822363e-01 2.035895836840388717e-01 2.447279609526256949e-01 2.880124962466709126e-01 3.223701212712905551e-01 3.437234872799864727e-01 3.622536500658264380e-01 3.751086064499120631e-01 3.887050133638847438e-01 3.949869486928626605e-01
1.441500000000000004e+00 1.661031983812142898e-01 1.814495256770868592e-01 2.119128926141804758e-01 2.509660339985833044e-01 2.810450613824419519e-01 3.078120781611819456e-01 3.271992666052502274e-01 3.386111697747364313e-01 3.476963983846652617e-01 3.576337981129421029e-01
1.472500000000000142e+00 1.477352565201839052e-01 1.549804060486638380e-01 1.804828758614488160e-01 2.182891544771932146e-01 2.495964309009911231e-01 2.705379593213513290e-01 2.879413596461893876e-01 3.040980597537450980e-01 3.153886244125498894e-01 3.229948903087250800e-01
1.503499999999999837e+00 1.353843990619048587e-01 1.448380331069316629e-01 1.706809723317833649e-01 2.041355060798469012e-01 2.314030083084162859e-01 2.515401826223408466e-01 2.705267622953250184e-01 2.818452537032495875e-01 2.908374141289382653e-01 2.988252046393646832e-01
1.534499999999999975e+00 1.333259228188583834e-01 1.500329070526969233e-01 1.710005996207941970e-01 1.989110049935781388e-01 2.276776884442223980e-01 2.502576322966692524e-01 2.691756297422406852e-01 2.862391198660863001e-01 2.960983877611407800e-01 3.041244405347859336e-01
1.565500000000000114e+00 1.159080469161571647e-01 1.295007862194341997e-01 1.490528591087171839e-01 1.746883181390593009e-01 1.990013890244972661e-01 2.215605687597674289e-01 2.402013427705438353e-01 2.541355493537473254e-01 2.659489619458264009e-01 2.763357644978208238e-01
1.596500000000000030e+00 1.060906986800892043e-01 1.213374128760887766e-01 1.327518673691648332e-01 1.560700960861742537e-01 1.815010491973538531e-01 2.017611981072122418e-01 2.202346061527423737e-01 2.320244809214078996e-01 2.413977516622147490e-01 2.511320815805733742e-01
1.627499999999999947e+00 1.022904348467725683e-01 1.177504761040127634e-01 1.314733582131215051e-01 1.537903137939842513e-01 1.816743198887117161e-01 2.035247048050106700e-01 2.233872487766057624e-01 2.382609361202728537e-01 2.509754216080192779e-01 2.588870609397264100e-01
1.658500000000000085e+00 8.898951143016438359e-02 1.099581651853648590e-01 1.250808124329048920e-01 1.464760122732079728e-01 1.771692819134074448e-01 2.015207199211488109e-01 2.207600465900529385e-01 2.359222654206985237e-01 2.459167931155168685e-01 2.557204443680722306e-01
1.689500000000000002e+00 8.772275681905883360e-02 1.084739154865747846e-01 1.214583698241154947e-01 1.422964114041929407e-01 1.640007093702104124e-01 1.862102754084442036e-01 2.012436874899462547e-01 2.170002933968696035e-01 2.289198013807088039e-01 2.393057380578649251e-01
1.720499999999999918e+00 7.790540858299088711e-02 9.363141849867399891e-02 1.064358872406064721e-01 1.234882074936254071e-01 1.432948617529466451e-01 1.632846883370644708e-01 1.805263216759868672e-01 1.953144378189982378e-01 2.095621163493995853e-01 2.188842924120952271e-01
1.751500000000000057e+00 6.840474899969931077e-02 8.175742090835338982e-02 9.567510184390852490e-02 1.136091508941353551e-01 1.326387142344385428e-01 1.505393444757030519e-01 1.690416949747702291e-01 1.826289209940342717e-01 1.953979565703928556e-01 2.048607047376267420e-01
1.782499999999999973e+00 6.903812630525206495e-02 8.076792110916000689e-02 9.269191381314076383e-02 1.076247223771365918e-01 1.225890141356829055e-01 1.395575073121400334e-01 1.548548031673849801e-01 1.690929784601341856e-01 1.808291065119859709e-01 1.903847432672076956e-01
1.813499999999999890e+00 6.080422133306604554e-02 7.099661059212533654e-02 8.619282560325389198e-02 1.013553210736140853e-01 1.160047278640843893e-01 1.344273060094536842e-01 1.471233224469580825e-01 1.598800332799927559e-01 1.733423363430823816e-01 1.815311418321746140e-01
1.844500000000000028e+00 5.716230182613760841e-02 6.802811119454517386e-02 7.937411010435617420e-02 9.309111026442530579e-02 1.115863252344590772e-01 1.267320040554241189e-01 1.412684147169261106e-01 1.548483478354539533e-01 1.665974983530791875e-01 1.731299141930921492e-01
1.875499999999999945e+00 5.003680713866894003e-02 5.763836330301464611e-02 6.935912171535017767e-02 8.454192666871276907e-02 9.997718891348274239e-02 1.152692105197342803e-01 1.279822779449303893e-01 1.413124053015538673e-01 1.518263031549721420e-01 1.600110741105248702e-01
1.906499999999999861e+00 4.623654330535230395e-02 5.541198875482953451e-02 6.467125480985798369e-02 8.074228951506276508e-02 9.798457596286740123e-02 1.116620377287829424e-01 1.228029364914405286e-01 1.368476703296391817e-01 1.449465684051688963e-01 1.563920837429201016e-01
1.937500000000000000e+00 4.671157628451688693e-02 5.689623845361960891e-02 6.690864583293379408e-02 8.140722601695150884e-02 9.443252679003136252e-02 1.103794874031113482e-01 1.216769926972036120e-01 1.359972446207030616e-01 1.457559489639692896e-01 1.547118382151036198e-01
1.968500000000000139e+00 4.069449188176555571e-02 4.749599036128245716e-02 5.593477557689528756e-02 6.677862297539896574e-02 8.005105940732933079e-02 9.394681135544406814e-02 1.086160446840552934e-01 1.192722056782924561e-01 1.308498570060621924e-01 1.393957539807763324e-01
1.999500000000000055e+00 3.831932698594266856e-02 4.799074026087914863e-02 5.508243613953307805e-02 6.278900396406644768e-02 7.441976193819901941e-02 8.777453791314954179e-02 9.975862016939149313e-02 1.109805550161651749e-01 1.249143995748593777e-01 1.342903925693338663e-01
2.030499999999999972e+00 3.800263833316627760e-02 4.761967783618163003e-02 5.625440286590611960e-02 6.668363204655770871e-02 8.143722493819217922e-02 9.498888349505224538e-02 1.077152896486657518e-01 1.183509111602783215e-01 1.290287507487613283e-01 1.388141305288398131e-01
2.061499999999999666e+00 2.945204470820386722e-02 3.957999196773537981e-02 4.751792363294343041e-02 5.756450287779768527e-02 6.766220497524265409e-02 7.919748261022077629e-02 8.977525186049076233e-02 9.914546390013734278e-02 1.091314786782518753e-01 1.183926848830701012e-01
2.092500000000000249e+00 2.881866740265109569e-02 3.908524206813868834e-02 4.623941447690010920e-02 5.813444845084518586e-02 6.904837050610548865e-02 8.184274265691843242e-02 9.307802032358573896e-02 1.063740824260944601e-01 1.149994877295546503e-01 1.222701745626466330e-01
2.123499999999999943e+00 2.976873336098025472e-02 4.044580429202958988e-02 5.082073895272200964e-02 6.164911281797144649e-02 7.329350244437296547e-02 8.360624935471687447e-02 9.427902703743845647e-02 1.055236567171583262e-01 1.144599006903544020e-01 1.219470504226819185e-01
2.154499999999999638e+00 2.169317271518242038e-02 3.203505599888582106e-02 4.059266570437543992e-02 4.987023764165641332e-02 6.246408423450697939e-02 7.310536856328071764e-02 8.602210587970100797e-02 9.567289225531480645e-02 1.046124372249497142e-01 1.122533262237405821e-01
2.185500000000000220e+00 2.850197874987471167e-02 4.019842934223124414e-02 4.677212662525149361e-02 5.518972965676642584e-02 6.506314460487482021e-02 7.855620744738496530e-02 9.135157317242245667e-02 1.029015107812719237e-01 1.127736911928535896e-01 1.207838035188089632e-01
2.216499999999999915e+00 2.612681385405181758e-02 3.537461782116349540e-02 4.197771729008904079e-02 5.063016507238641412e-02 6.177100146907555517e-02 7.222361521438148968e-02 8.362009245199557295e-02 9.531854820992474719e-02 1.040054018058494401e-01 1.103145813839523232e-01
2.247500000000000053e+00 2.105979540962964539e-02 3.030343135029739746e-02 3.803564739228879749e-02 4.512069119959389446e-02 5.561989192587167563e-02 6.677277633027722814e-02 7.738987012388459652e-02 8.844427372935767528e-02 9.550690593844540777e-02 1.031412254767357373e-01
2.278500000000000192e+00 1.583443263881928464e-02 2.832443175191063159e-02 3.505245936152105030e-02 4.331586355161013563e-02 5.328073759254062930e-02 6.380687870216167346e-02 7.431229041963699489e-02 8.433388280283304894e-02 9.463007699974497478e-02 1.026242268527922108e-01
2.309499999999999886e+00 1.646780994437205617e-02 2.622174467862468938e-02 3.174964404174247801e-02 4.065611754405513284e-02 5.180793671599885630e-02 6.260448777184456082e-02 7.266090618808951351e-02 8.234955614864875040e-02 9.260662560274400545e-02 1.013317302929333530e-01
2.340500000000000025e+00 1.567608831243108916e-02 2.609805720372551652e-02 3.420011992415884078e-02 4.255593612088013483e-02 5.146139533328314419e-02 6.276480656255351009e-02 7.266090618808951351e-02 8.156999924879063113e-02 9.152745152434349496e-02 9.978073442110274582e-02
2.371500000000000163e+00 1.330092341660819855e-02 2.547961982922965218e-02 3.111038946372081046e-02 3.961121732680138174e-02 4.877569961723637881e-02 5.915763377160215136e-02 7.010876692115249054e-02 8.036522949446443798e-02 8.896441308814229121e-02 9.642024336546975438e-02
2.402499999999999858e+00 1.361761206938458431e-02 2.362430770574205571e-02 2.897954087031527626e-02 3.704646224808762212e-02 4.712962804933674976e-02 5.611157674813212204e-02 6.673093553844169912e-02 7.419964310467748458e-02 8.309640403683950238e-02 9.144413161001320456e-02
2.433499999999999996e+00 9.975692562456148910e-03 1.855312123487596124e-02 2.290662237910950222e-02 3.134700651761260226e-02 4.184487196292215050e-02 5.250440395718077718e-02 6.237728620072560681e-02 7.122315312340102289e-02 7.898205286293753791e-02 8.653264468254959207e-02
2.464500000000000135e+00 9.500659583291569399e-03 2.238743295675032358e-02 2.684869227690974205e-02 3.609655295967511418e-02 4.574346251847390826e-02 5.458854823639711085e-02 6.335310415573093545e-02 7.157749716879108215e-02 7.958908828203782593e-02 8.692039365050724387e-02
2.495499999999999829e+00 7.125494687468677917e-03 1.880049618467430697e-02 2.407858910548254724e-02 3.163197930413635256e-02 3.785964606169146818e-02 4.697340567772203407e-02 5.629718971184621140e-02 6.583712363347218877e-02 7.493515006893562702e-02 8.220278120702247115e-02
2.526499999999999968e+00 8.392249298574220098e-03 2.090318325796024571e-02 2.525055583185558880e-02 3.229691580602510326e-02 4.149833058020643839e-02 5.178296939899049850e-02 6.162665700456765316e-02 6.973490813276279898e-02 7.776798202473696187e-02 8.407690121881779277e-02
2.557500000000000107e+00 3.483575180540242084e-03 1.669780911138836477e-02 2.503747097251503642e-02 3.334181602327885435e-02 4.227804869131679411e-02 5.058057846867339280e-02 5.877426605916744734e-02 6.782145028765650119e-02 7.662135956643641166e-02 8.414152604681074399e-02
2.588499999999999801e+00 2.533509222211085231e-03 1.508987193769911403e-02 2.077577378570396802e-02 2.631248728902633657e-02 3.404769085181864885e-02 4.336623288677068921e-02 5.104278533874056362e-02 6.130151985247948854e-02 6.960672805683308650e-02 7.619267220367885451e-02
2.619499999999999940e+00 6.333773055527713077e-04 1.335824728911069043e-02 2.152157079339590481e-02 2.897223329658134283e-02 3.742646933329683151e-02 4.633213051488623696e-02 5.704781890800415811e-02 6.498669792453605487e-02 7.203486973323423859e-02 7.735591910755180989e-02
2.650500000000000078e+00 1.425098937493735497e-03 1.372930971380821076e-02 2.216082537141756542e-02 2.773735122164508807e-02 3.439423223453436096e-02 4.248447953787146819e-02 5.036721906219841782e-02 5.853763629843705685e-02 6.529003174323103065e-02 7.179818390015878238e-02
2.681499999999999773e+00 1.108410284717349734e-03 1.224506001501813289e-02 1.821875547361732212e-02 2.498261428524882824e-02 3.378778481478186130e-02 4.040033525865513453e-02 4.849064607180354064e-02 5.598635917162866904e-02 6.225485464772959054e-02 6.985943906037050954e-02
2.712499999999999911e+00 6.333773055527713077e-04 8.658123242942114550e-03 1.480939772416846843e-02 2.137295898928131752e-02 2.962928822219332292e-02 3.831619097943879393e-02 4.563825512640332788e-02 5.237204990865010346e-02 5.868009051302788825e-02 6.591732455280104042e-02
2.743500000000000050e+00 7.917216319409641889e-04 8.781810717841287417e-03 1.534210987251985285e-02 2.260784106421757228e-02 2.962928822219332292e-02 3.679316246770377580e-02 4.436218549293480945e-02 5.187596824510402882e-02 5.814050347382763301e-02 6.372008040104100435e-02
2.774499999999999744e+00 9.500659583291569616e-04 9.400248092337153485e-03 1.640753416922261995e-02 2.355775035263007675e-02 3.075554771601938728e-02 3.727411883983062363e-02 4.601356972448230470e-02 5.308073799943021504e-02 5.834284861352773133e-02 6.475407764892807116e-02
2.805500000000000327e+00 6.333773055527713077e-04 6.926498594353691814e-03 1.278509156043321042e-02 1.937814948361506195e-02 2.685695716046763298e-02 3.478917758384191677e-02 4.218536082407675636e-02 4.698602041872126933e-02 5.301442660142519775e-02 5.758072174171149221e-02
2.836500000000000021e+00 3.166886527763856539e-04 4.452749096370231009e-03 8.416851943951862355e-03 1.757332183563130659e-02 2.495097955553122332e-02 3.126216418824503962e-02 3.760652272751326824e-02 4.400953043744481458e-02 4.930476570692342991e-02 5.428485551407144505e-02
2.867499999999999716e+00 0.000000000000000000e+00 3.339561822277672606e-03 9.588818670324907381e-03 1.491357582807629686e-02 2.035930623454804481e-02 2.541052832736840489e-02 3.145136331901808580e-02 3.975740189276415204e-02 4.761855620942263140e-02 5.111823894241727256e-02
2.898500000000000298e+00 6.333773055527713077e-04 2.597436972882634539e-03 7.351427647249095254e-03 1.377368468198129567e-02 1.819342259257484759e-02 2.500973135059603170e-02 3.160148915824967375e-02 3.784394404765785425e-02 4.235758257722013059e-02 4.691762512287603326e-02
2.929499999999999993e+00 3.166886527763856539e-04 2.844811922680980706e-03 8.203767084611309976e-03 1.386867561082254403e-02 1.836669328393270365e-02 2.404781860634234297e-02 3.047554536401275022e-02 3.649743667517565265e-02 4.269482447672029446e-02 4.730537409083368505e-02
2.960499999999999687e+00 7.917216319409641889e-04 2.721124447781807405e-03 6.818715498897711703e-03 1.415364839734629607e-02 2.113902434565839705e-02 2.677323804839447374e-02 3.400350258595510877e-02 4.138738450155840520e-02 4.714641755012240892e-02 5.195836170632552736e-02
2.991500000000000270e+00 3.166886527763856539e-04 2.721124447781807405e-03 8.097224654941032052e-03 1.377368468198129567e-02 2.044594158022697283e-02 2.637244107162210055e-02 3.205186667594444455e-02 3.876523856567200277e-02 4.276227285662032029e-02 4.795162237076311396e-02
3.022499999999999964e+00 1.583443263881928269e-04 1.113187274092557752e-03 6.072918491205774906e-03 1.063898403022003371e-02 1.620080964195950643e-02 2.068112400145441163e-02 2.432038595551756430e-02 2.806404839489234221e-02 3.318460291081577751e-02 3.761164989189236252e-02
3.053499999999999659e+00 0.000000000000000000e+00 0.000000000000000000e+00 9.588818670324908032e-04 1.044900217253753264e-03 2.165883641973196348e-03 3.206375814178978600e-03 4.053397659252927672e-03 4.960816635460768044e-03 5.328422012102532711e-03 5.557735207393028377e-03
3.084500000000000242e+00 0.000000000000000000e+00 0.000000000000000000e+00 0.000000000000000000e+00 0.000000000000000000e+00 0.000000000000000000e+00 0.000000000000000000e+00 0.000000000000000000e+00 0.000000000000000000e+00 0.000000000000000000e+00 0.000000000000000000e+00
