1.854679390668868999e+00 9.324600000000000000e+04
1.855252161264419497e+00 9.369000000000000000e+04
1.855824931859970217e+00 9.323800000000000000e+04
1.856397702455520715e+00 9.269200000000000000e+04
1.856970473051071213e+00 9.236300000000000000e+04
1.857543243646621711e+00 9.334700000000000000e+04
1.858116014242172209e+00 9.256400000000000000e+04
1.858688784837722707e+00 9.215600000000000000e+04
1.859261555433273205e+00 9.127600000000000000e+04
1.859834326028823925e+00 9.188000000000000000e+04
1.860407096624374423e+00 9.166000000000000000e+04
1.860979867219924921e+00 9.184700000000000000e+04
1.861552637815475419e+00 9.058800000000000000e+04
1.862125408411026140e+00 9.113700000000000000e+04
1.862698179006576638e+00 9.033400000000000000e+04
1.863270949602127136e+00 9.133300000000000000e+04
1.863843720197677634e+00 9.063700000000000000e+04
1.864416490793228132e+00 9.134100000000000000e+04
1.864989261388778630e+00 9.075000000000000000e+04
1.865562031984329128e+00 9.069800000000000000e+04
1.866134802579879848e+00 9.062600000000000000e+04
1.866707573175430346e+00 9.040300000000000000e+04
1.867280343770980844e+00 8.963700000000000000e+04
1.867853114366531342e+00 8.971200000000000000e+04
1.868425884962082062e+00 8.972400000000000000e+04
1.868998655557632560e+00 9.001700000000000000e+04
1.869571426153183058e+00 8.959600000000000000e+04
1.870144196748733556e+00 9.022300000000000000e+04
1.870716967344284054e+00 8.988600000000000000e+04
1.871289737939834552e+00 8.860300000000000000e+04
1.871862508535385050e+00 8.885700000000000000e+04
1.872435279130935770e+00 8.882800000000000000e+04
1.873008049726486268e+00 8.913400000000000000e+04
1.873580820322036766e+00 8.828400000000000000e+04
1.874153590917587264e+00 8.795300000000000000e+04
1.874726361513137762e+00 8.809900000000000000e+04
1.875299132108688482e+00 8.754000000000000000e+04
1.875871902704238980e+00 8.783300000000000000e+04
1.876444673299789478e+00 8.765100000000000000e+04
1.877017443895339976e+00 8.817500000000000000e+04
1.877590214490890475e+00 8.843300000000000000e+04
1.878162985086440973e+00 8.834300000000000000e+04
1.878735755681991693e+00 8.788500000000000000e+04
1.879308526277542191e+00 8.696000000000000000e+04
1.879881296873092689e+00 8.778700000000000000e+04
1.880454067468643187e+00 8.719800000000000000e+04
1.881026838064193685e+00 8.623000000000000000e+04
1.881599608659744405e+00 8.673200000000000000e+04
1.882172379255294903e+00 8.715800000000000000e+04
1.882745149850845401e+00 8.702000000000000000e+04
1.883317920446395899e+00 8.652400000000000000e+04
1.883890691041946397e+00 8.579500000000000000e+04
1.884463461637496895e+00 8.624000000000000000e+04
1.885036232233047615e+00 8.585800000000000000e+04
1.885609002828598113e+00 8.568700000000000000e+04
1.886181773424148611e+00 8.620100000000000000e+04
1.886754544019699109e+00 8.591700000000000000e+04
1.887327314615249607e+00 8.611800000000000000e+04
1.887900085210800327e+00 8.585000000000000000e+04
1.888472855806350825e+00 8.566500000000000000e+04
1.889045626401901323e+00 8.581100000000000000e+04
1.889618396997451821e+00 8.528700000000000000e+04
1.890191167593002319e+00 8.589300000000000000e+04
1.890763938188552817e+00 8.560500000000000000e+04
1.891336708784103537e+00 8.545900000000000000e+04
1.891909479379654035e+00 8.546500000000000000e+04
1.892482249975204533e+00 8.584400000000000000e+04
1.893055020570755032e+00 8.536300000000000000e+04
1.893627791166305530e+00 8.554300000000000000e+04
1.894200561761856250e+00 8.552100000000000000e+04
1.894773332357406748e+00 8.641400000000000000e+04
1.895346102952957246e+00 8.593600000000000000e+04
1.895918873548507744e+00 8.614700000000000000e+04
1.896491644144058242e+00 8.646200000000000000e+04
1.897064414739608740e+00 8.628400000000000000e+04
1.897637185335159460e+00 8.614700000000000000e+04
1.898209955930709958e+00 8.631800000000000000e+04
1.898782726526260456e+00 8.653000000000000000e+04
1.899355497121810954e+00 8.588000000000000000e+04
1.899928267717361452e+00 8.613300000000000000e+04
1.900501038312912172e+00 8.670300000000000000e+04
1.901073808908462670e+00 8.591300000000000000e+04
1.901646579504013168e+00 8.621900000000000000e+04
1.902219350099563666e+00 8.573900000000000000e+04
1.902792120695114164e+00 8.583700000000000000e+04
1.903364891290664662e+00 8.645500000000000000e+04
1.903937661886215382e+00 8.630100000000000000e+04
1.904510432481765880e+00 8.632600000000000000e+04
1.905083203077316378e+00 8.632800000000000000e+04
1.905655973672866876e+00 8.563000000000000000e+04
1.906228744268417374e+00 8.540800000000000000e+04
1.906801514863968094e+00 8.494300000000000000e+04
1.907374285459518592e+00 8.527900000000000000e+04
1.907947056055069091e+00 8.569500000000000000e+04
1.908519826650619589e+00 8.590000000000000000e+04
1.909092597246170087e+00 8.600200000000000000e+04
1.909665367841720585e+00 8.668800000000000000e+04
1.910238138437271083e+00 8.594300000000000000e+04
1.910810909032821803e+00 8.599000000000000000e+04
1.911383679628372301e+00 8.653000000000000000e+04
