1.883031535148620650e+00 8.789030000000000000e+06
1.940308594703674228e+00 8.331047000000000000e+06
1.997585654258728027e+00 7.463531000000000000e+06
2.054862713813781383e+00 6.876176000000000000e+06
2.112139773368835627e+00 6.614085000000000000e+06
2.169416832923888983e+00 6.333596000000000000e+06
2.226693892478943226e+00 5.949193000000000000e+06
2.283970952033996582e+00 5.592873000000000000e+06
2.341248011589049938e+00 5.470235000000000000e+06
2.398525071144104182e+00 5.026848000000000000e+06
2.455802130699157537e+00 4.779642000000000000e+06
2.513079190254211781e+00 4.561901000000000000e+06
2.570356249809265137e+00 4.402327000000000000e+06
2.627633309364318492e+00 4.163198000000000000e+06
2.684910368919372736e+00 3.814804000000000000e+06
2.742187428474426092e+00 3.528037000000000000e+06
2.799464488029480336e+00 3.267461000000000000e+06
2.856741547584533691e+00 2.864046000000000000e+06
2.914018607139587047e+00 2.597200000000000000e+06
2.971295666694641291e+00 1.243246000000000000e+06
