1.875000074505805969e-02 0.000000000000000000e+00
5.625000223517417908e-02 0.000000000000000000e+00
9.375000000000000000e-02 0.000000000000000000e+00
1.312499940395355225e-01 0.000000000000000000e+00
1.687500029802322388e-01 0.000000000000000000e+00
2.062499970197677612e-01 0.000000000000000000e+00
2.437499910593032837e-01 0.000000000000000000e+00
2.812500000000000000e-01 0.000000000000000000e+00
3.187500238418579102e-01 0.000000000000000000e+00
3.562499880790710449e-01 0.000000000000000000e+00
3.937500119209289551e-01 0.000000000000000000e+00
4.312499761581420898e-01 0.000000000000000000e+00
4.687500000000000000e-01 0.000000000000000000e+00
5.062500238418579102e-01 0.000000000000000000e+00
5.437499880790710449e-01 0.000000000000000000e+00
5.812500119209289551e-01 0.000000000000000000e+00
6.187499761581420898e-01 0.000000000000000000e+00
6.562500000000000000e-01 0.000000000000000000e+00
6.937500238418579102e-01 0.000000000000000000e+00
7.312499880790710449e-01 0.000000000000000000e+00
7.687500119209289551e-01 0.000000000000000000e+00
8.062499761581420898e-01 0.000000000000000000e+00
8.437500000000000000e-01 0.000000000000000000e+00
8.812500238418579102e-01 0.000000000000000000e+00
9.187499880790710449e-01 0.000000000000000000e+00
9.562500119209289551e-01 0.000000000000000000e+00
9.937500357627868652e-01 0.000000000000000000e+00
1.031250000000000000e+00 0.000000000000000000e+00
1.068749904632568359e+00 1.120000000000000000e+02
1.106250047683715820e+00 1.024000000000000000e+03
1.143749952316284180e+00 4.294000000000000000e+03
1.181250095367431641e+00 1.570600000000000000e+04
1.218750000000000000e+00 4.664100000000000000e+04
1.256249904632568359e+00 1.252130000000000000e+05
1.293750047683715820e+00 2.793800000000000000e+05
1.331249952316284180e+00 5.434160000000000000e+05
1.368750095367431641e+00 9.452250000000000000e+05
1.406250000000000000e+00 1.492163000000000000e+06
1.443749904632568359e+00 2.116565000000000000e+06
1.481250047683715820e+00 2.742643000000000000e+06
1.518749952316284180e+00 3.426124000000000000e+06
1.556250095367431641e+00 3.973318000000000000e+06
1.593750000000000000e+00 4.319634000000000000e+06
1.631249904632568359e+00 4.565564000000000000e+06
1.668750047683715820e+00 4.620310000000000000e+06
1.706249952316284180e+00 4.595675000000000000e+06
1.743750095367431641e+00 4.507344000000000000e+06
1.781250000000000000e+00 4.370106000000000000e+06
1.818749904632568359e+00 4.184687000000000000e+06
1.856250047683715820e+00 4.016193000000000000e+06
1.893749952316284180e+00 3.769555000000000000e+06
1.931250095367431641e+00 3.682200000000000000e+06
1.968750000000000000e+00 3.386155000000000000e+06
2.006249904632568359e+00 3.209952000000000000e+06
2.043750047683715820e+00 3.118393000000000000e+06
2.081249952316284180e+00 2.855801000000000000e+06
2.118750095367431641e+00 2.771921000000000000e+06
2.156250000000000000e+00 2.592218000000000000e+06
2.193749904632568359e+00 2.466155000000000000e+06
2.231250047683715820e+00 2.316849000000000000e+06
2.268749952316284180e+00 2.209466000000000000e+06
2.306250095367431641e+00 2.100813000000000000e+06
2.343750000000000000e+00 1.994952000000000000e+06
2.381249904632568359e+00 1.877005000000000000e+06
2.418750047683715820e+00 1.777245000000000000e+06
2.456249952316284180e+00 1.716462000000000000e+06
2.493750095367431641e+00 1.587820000000000000e+06
2.531250000000000000e+00 1.506840000000000000e+06
2.568749904632568359e+00 1.423120000000000000e+06
2.606250047683715820e+00 1.342460000000000000e+06
2.643749952316284180e+00 1.271974000000000000e+06
2.681250095367431641e+00 1.204814000000000000e+06
2.718750000000000000e+00 1.133580000000000000e+06
2.756249904632568359e+00 1.083108000000000000e+06
2.793750047683715820e+00 1.016639000000000000e+06
2.831249952316284180e+00 9.685340000000000000e+05
2.868750095367431641e+00 9.068630000000000000e+05
2.906250000000000000e+00 8.484570000000000000e+05
2.943749904632568359e+00 1.082144000000000000e+06
2.981250047683715820e+00 2.453710000000000000e+05
