1.875000074505805969e-02 0.000000000000000000e+00
5.625000223517417908e-02 0.000000000000000000e+00
9.375000000000000000e-02 0.000000000000000000e+00
1.312499940395355225e-01 0.000000000000000000e+00
1.687500029802322388e-01 0.000000000000000000e+00
2.062499970197677612e-01 0.000000000000000000e+00
2.437499910593032837e-01 0.000000000000000000e+00
2.812500000000000000e-01 0.000000000000000000e+00
3.187500238418579102e-01 0.000000000000000000e+00
3.562499880790710449e-01 0.000000000000000000e+00
3.937500119209289551e-01 0.000000000000000000e+00
4.312499761581420898e-01 0.000000000000000000e+00
4.687500000000000000e-01 0.000000000000000000e+00
5.062500238418579102e-01 0.000000000000000000e+00
5.437499880790710449e-01 0.000000000000000000e+00
5.812500119209289551e-01 0.000000000000000000e+00
6.187499761581420898e-01 0.000000000000000000e+00
6.562500000000000000e-01 0.000000000000000000e+00
6.937500238418579102e-01 0.000000000000000000e+00
7.312499880790710449e-01 0.000000000000000000e+00
7.687500119209289551e-01 0.000000000000000000e+00
8.062499761581420898e-01 0.000000000000000000e+00
8.437500000000000000e-01 0.000000000000000000e+00
8.812500238418579102e-01 0.000000000000000000e+00
9.187499880790710449e-01 0.000000000000000000e+00
9.562500119209289551e-01 0.000000000000000000e+00
9.937500357627868652e-01 0.000000000000000000e+00
1.031250000000000000e+00 0.000000000000000000e+00
1.068749904632568359e+00 1.100000000000000000e+02
1.106250047683715820e+00 9.580000000000000000e+02
1.143749952316284180e+00 4.357000000000000000e+03
1.181250095367431641e+00 1.588400000000000000e+04
1.218750000000000000e+00 4.779200000000000000e+04
1.256249904632568359e+00 1.246500000000000000e+05
1.293750047683715820e+00 2.739650000000000000e+05
1.331249952316284180e+00 5.490950000000000000e+05
1.368750095367431641e+00 9.425790000000000000e+05
1.406250000000000000e+00 1.488151000000000000e+06
1.443749904632568359e+00 2.117123000000000000e+06
1.481250047683715820e+00 2.787082000000000000e+06
1.518749952316284180e+00 3.399664000000000000e+06
1.556250095367431641e+00 3.992363000000000000e+06
1.593750000000000000e+00 4.309248000000000000e+06
1.631249904632568359e+00 4.548010000000000000e+06
1.668750047683715820e+00 4.620067000000000000e+06
1.706249952316284180e+00 4.580918000000000000e+06
1.743750095367431641e+00 4.493890000000000000e+06
1.781250000000000000e+00 4.309880000000000000e+06
1.818749904632568359e+00 4.171138000000000000e+06
1.856250047683715820e+00 3.983768000000000000e+06
1.893749952316284180e+00 3.760276000000000000e+06
1.931250095367431641e+00 3.635955000000000000e+06
1.968750000000000000e+00 3.447811000000000000e+06
2.006249904632568359e+00 3.239495000000000000e+06
2.043750047683715820e+00 3.121550000000000000e+06
2.081249952316284180e+00 2.895946000000000000e+06
2.118750095367431641e+00 2.785298000000000000e+06
2.156250000000000000e+00 2.599072000000000000e+06
2.193749904632568359e+00 2.454147000000000000e+06
2.231250047683715820e+00 2.325609000000000000e+06
2.268749952316284180e+00 2.207462000000000000e+06
2.306250095367431641e+00 2.084216000000000000e+06
2.343750000000000000e+00 1.977409000000000000e+06
2.381249904632568359e+00 1.877580000000000000e+06
2.418750047683715820e+00 1.760492000000000000e+06
2.456249952316284180e+00 1.695148000000000000e+06
2.493750095367431641e+00 1.578028000000000000e+06
2.531250000000000000e+00 1.521312000000000000e+06
2.568749904632568359e+00 1.430647000000000000e+06
2.606250047683715820e+00 1.334321000000000000e+06
2.643749952316284180e+00 1.287975000000000000e+06
2.681250095367431641e+00 1.211541000000000000e+06
2.718750000000000000e+00 1.140708000000000000e+06
2.756249904632568359e+00 1.083010000000000000e+06
2.793750047683715820e+00 1.027936000000000000e+06
2.831249952316284180e+00 9.665210000000000000e+05
2.868750095367431641e+00 9.138620000000000000e+05
2.906250000000000000e+00 8.481330000000000000e+05
2.943749904632568359e+00 1.083422000000000000e+06
2.981250047683715820e+00 2.476280000000000000e+05
