1.875000074505805969e-02 0.000000000000000000e+00
5.625000223517417908e-02 0.000000000000000000e+00
9.375000000000000000e-02 0.000000000000000000e+00
1.312499940395355225e-01 0.000000000000000000e+00
1.687500029802322388e-01 0.000000000000000000e+00
2.062499970197677612e-01 0.000000000000000000e+00
2.437499910593032837e-01 0.000000000000000000e+00
2.812500000000000000e-01 0.000000000000000000e+00
3.187500238418579102e-01 0.000000000000000000e+00
3.562499880790710449e-01 0.000000000000000000e+00
3.937500119209289551e-01 0.000000000000000000e+00
4.312499761581420898e-01 0.000000000000000000e+00
4.687500000000000000e-01 0.000000000000000000e+00
5.062500238418579102e-01 0.000000000000000000e+00
5.437499880790710449e-01 0.000000000000000000e+00
5.812500119209289551e-01 0.000000000000000000e+00
6.187499761581420898e-01 0.000000000000000000e+00
6.562500000000000000e-01 0.000000000000000000e+00
6.937500238418579102e-01 0.000000000000000000e+00
7.312499880790710449e-01 0.000000000000000000e+00
7.687500119209289551e-01 0.000000000000000000e+00
8.062499761581420898e-01 0.000000000000000000e+00
8.437500000000000000e-01 0.000000000000000000e+00
8.812500238418579102e-01 0.000000000000000000e+00
9.187499880790710449e-01 0.000000000000000000e+00
9.562500119209289551e-01 0.000000000000000000e+00
9.937500357627868652e-01 0.000000000000000000e+00
1.031250000000000000e+00 0.000000000000000000e+00
1.068749904632568359e+00 9.400000000000000000e+01
1.106250047683715820e+00 1.049000000000000000e+03
1.143749952316284180e+00 4.342000000000000000e+03
1.181250095367431641e+00 1.557500000000000000e+04
1.218750000000000000e+00 4.749900000000000000e+04
1.256249904632568359e+00 1.247630000000000000e+05
1.293750047683715820e+00 2.739200000000000000e+05
1.331249952316284180e+00 5.450660000000000000e+05
1.368750095367431641e+00 9.481670000000000000e+05
1.406250000000000000e+00 1.495558000000000000e+06
1.443749904632568359e+00 2.103817000000000000e+06
1.481250047683715820e+00 2.765259000000000000e+06
1.518749952316284180e+00 3.409536000000000000e+06
1.556250095367431641e+00 3.989812000000000000e+06
1.593750000000000000e+00 4.330053000000000000e+06
1.631249904632568359e+00 4.581028000000000000e+06
1.668750047683715820e+00 4.610950000000000000e+06
1.706249952316284180e+00 4.567474000000000000e+06
1.743750095367431641e+00 4.523305000000000000e+06
1.781250000000000000e+00 4.312239000000000000e+06
1.818749904632568359e+00 4.166906000000000000e+06
1.856250047683715820e+00 3.982016000000000000e+06
1.893749952316284180e+00 3.770360000000000000e+06
1.931250095367431641e+00 3.652600000000000000e+06
1.968750000000000000e+00 3.404351000000000000e+06
2.006249904632568359e+00 3.231198000000000000e+06
2.043750047683715820e+00 3.129437000000000000e+06
2.081249952316284180e+00 2.876988000000000000e+06
2.118750095367431641e+00 2.777835000000000000e+06
2.156250000000000000e+00 2.630356000000000000e+06
2.193749904632568359e+00 2.473224000000000000e+06
2.231250047683715820e+00 2.338167000000000000e+06
2.268749952316284180e+00 2.220275000000000000e+06
2.306250095367431641e+00 2.096544000000000000e+06
2.343750000000000000e+00 1.972144000000000000e+06
2.381249904632568359e+00 1.877730000000000000e+06
2.418750047683715820e+00 1.746640000000000000e+06
2.456249952316284180e+00 1.690042000000000000e+06
2.493750095367431641e+00 1.564942000000000000e+06
2.531250000000000000e+00 1.510730000000000000e+06
2.568749904632568359e+00 1.451476000000000000e+06
2.606250047683715820e+00 1.342229000000000000e+06
2.643749952316284180e+00 1.278746000000000000e+06
2.681250095367431641e+00 1.201154000000000000e+06
2.718750000000000000e+00 1.132953000000000000e+06
2.756249904632568359e+00 1.075607000000000000e+06
2.793750047683715820e+00 1.024261000000000000e+06
2.831249952316284180e+00 9.681210000000000000e+05
2.868750095367431641e+00 9.057030000000000000e+05
2.906250000000000000e+00 8.497370000000000000e+05
2.943749904632568359e+00 1.079411000000000000e+06
2.981250047683715820e+00 2.562380000000000000e+05
