1.875000074505805969e-02 0.000000000000000000e+00
5.625000223517417908e-02 0.000000000000000000e+00
9.375000000000000000e-02 0.000000000000000000e+00
1.312499940395355225e-01 0.000000000000000000e+00
1.687500029802322388e-01 0.000000000000000000e+00
2.062499970197677612e-01 0.000000000000000000e+00
2.437499910593032837e-01 0.000000000000000000e+00
2.812500000000000000e-01 0.000000000000000000e+00
3.187500238418579102e-01 0.000000000000000000e+00
3.562499880790710449e-01 0.000000000000000000e+00
3.937500119209289551e-01 0.000000000000000000e+00
4.312499761581420898e-01 0.000000000000000000e+00
4.687500000000000000e-01 0.000000000000000000e+00
5.062500238418579102e-01 0.000000000000000000e+00
5.437499880790710449e-01 0.000000000000000000e+00
5.812500119209289551e-01 0.000000000000000000e+00
6.187499761581420898e-01 0.000000000000000000e+00
6.562500000000000000e-01 0.000000000000000000e+00
6.937500238418579102e-01 0.000000000000000000e+00
7.312499880790710449e-01 0.000000000000000000e+00
7.687500119209289551e-01 0.000000000000000000e+00
8.062499761581420898e-01 0.000000000000000000e+00
8.437500000000000000e-01 0.000000000000000000e+00
8.812500238418579102e-01 0.000000000000000000e+00
9.187499880790710449e-01 0.000000000000000000e+00
9.562500119209289551e-01 0.000000000000000000e+00
9.937500357627868652e-01 0.000000000000000000e+00
1.031250000000000000e+00 0.000000000000000000e+00
1.068749904632568359e+00 1.170000000000000000e+02
1.106250047683715820e+00 1.001000000000000000e+03
1.143749952316284180e+00 4.442000000000000000e+03
1.181250095367431641e+00 1.562900000000000000e+04
1.218750000000000000e+00 4.738000000000000000e+04
1.256249904632568359e+00 1.269720000000000000e+05
1.293750047683715820e+00 2.764910000000000000e+05
1.331249952316284180e+00 5.348920000000000000e+05
1.368750095367431641e+00 9.336000000000000000e+05
1.406250000000000000e+00 1.486315000000000000e+06
1.443749904632568359e+00 2.126969000000000000e+06
1.481250047683715820e+00 2.774670000000000000e+06
1.518749952316284180e+00 3.413311000000000000e+06
1.556250095367431641e+00 3.951453000000000000e+06
1.593750000000000000e+00 4.340693000000000000e+06
1.631249904632568359e+00 4.579860000000000000e+06
1.668750047683715820e+00 4.705118000000000000e+06
1.706249952316284180e+00 4.643832000000000000e+06
1.743750095367431641e+00 4.535518000000000000e+06
1.781250000000000000e+00 4.372957000000000000e+06
1.818749904632568359e+00 4.201075000000000000e+06
1.856250047683715820e+00 3.989037000000000000e+06
1.893749952316284180e+00 3.782542000000000000e+06
1.931250095367431641e+00 3.673113000000000000e+06
1.968750000000000000e+00 3.357231000000000000e+06
2.006249904632568359e+00 3.192030000000000000e+06
2.043750047683715820e+00 3.099905000000000000e+06
2.081249952316284180e+00 2.849928000000000000e+06
2.118750095367431641e+00 2.751273000000000000e+06
2.156250000000000000e+00 2.631402000000000000e+06
2.193749904632568359e+00 2.495248000000000000e+06
2.231250047683715820e+00 2.324917000000000000e+06
2.268749952316284180e+00 2.214295000000000000e+06
2.306250095367431641e+00 2.104553000000000000e+06
2.343750000000000000e+00 2.001177000000000000e+06
2.381249904632568359e+00 1.887977000000000000e+06
2.418750047683715820e+00 1.760214000000000000e+06
2.456249952316284180e+00 1.685270000000000000e+06
2.493750095367431641e+00 1.559032000000000000e+06
2.531250000000000000e+00 1.504148000000000000e+06
2.568749904632568359e+00 1.431903000000000000e+06
2.606250047683715820e+00 1.341613000000000000e+06
2.643749952316284180e+00 1.276909000000000000e+06
2.681250095367431641e+00 1.198216000000000000e+06
2.718750000000000000e+00 1.140053000000000000e+06
2.756249904632568359e+00 1.079112000000000000e+06
2.793750047683715820e+00 1.012860000000000000e+06
2.831249952316284180e+00 9.659780000000000000e+05
2.868750095367431641e+00 9.162860000000000000e+05
2.906250000000000000e+00 8.506750000000000000e+05
2.943749904632568359e+00 1.094236000000000000e+06
2.981250047683715820e+00 2.605150000000000000e+05
