2.012500000000000178e+00 4.419424562771153385e-04 1.246049338910392164e-05
2.037499999999999645e+00 4.408087475695058634e-04 1.263217186402259328e-05
2.062500000000000000e+00 4.493037437693408391e-04 1.435986159473270103e-05
2.087500000000000355e+00 4.835001583239866680e-04 1.315777415999079520e-05
2.112499999999999822e+00 4.733578777687529613e-04 1.671810900011480992e-05
2.137500000000000178e+00 4.811349721932583839e-04 1.392298027416556842e-05
2.162499999999999645e+00 4.920155305946395663e-04 1.405402748229853252e-05
2.187500000000000000e+00 5.570984679727380463e-04 1.574952953073205914e-05
2.212500000000000355e+00 5.451709334823947760e-04 1.476326866302383392e-05
2.237499999999999822e+00 5.660873062511095986e-04 1.486655632084089878e-05
2.262500000000000178e+00 5.989457539766387516e-04 2.222296955649787387e-05
2.287499999999999645e+00 5.704370782434704324e-04 1.954509027207767180e-05
2.312500000000000000e+00 5.727932307502582457e-04 1.670694092026622020e-05
2.337500000000000355e+00 6.253037122894354550e-04 2.052516410522703123e-05
2.362499999999999822e+00 6.441794101268580796e-04 1.855478383166311849e-05
2.387500000000000178e+00 6.661651505932109996e-04 2.118254134299168192e-05
2.412499999999999645e+00 6.852110523814275607e-04 2.743701729915235012e-05
2.437500000000000000e+00 7.099557997239362315e-04 2.323748672424248815e-05
2.462500000000000355e+00 7.293111311556850105e-04 3.332000887406015723e-05
2.487499999999999822e+00 7.177355861557172239e-04 2.911304812523883424e-05
2.512500000000000178e+00 7.452361730673621228e-04 3.165909803138041350e-05
2.537499999999999645e+00 7.657840275423674061e-04 3.507796295442884549e-05
2.562500000000000000e+00 8.072623424205783256e-04 3.200760393306935310e-05
2.587500000000000355e+00 9.180339003166870446e-04 4.108954103863180293e-05
2.612499999999999822e+00 8.905096863122924193e-04 3.937049314573056109e-05
2.637500000000000178e+00 9.195340099931707421e-04 5.611126015963984202e-05
2.662499999999999645e+00 9.669689888201735443e-04 5.657676996099137627e-05
2.687500000000000000e+00 9.713037452944413633e-04 5.544333645259759148e-05
2.712500000000000355e+00 9.854612124458339041e-04 6.023432298458209947e-05
2.737499999999999822e+00 9.096295743109418085e-04 6.245797081977027903e-05
2.762500000000000178e+00 1.087057132101169844e-03 9.915334353292963284e-05
2.787499999999999645e+00 1.085484372227560682e-03 1.052900871082989301e-04
2.812500000000000000e+00 9.710298891481142832e-04 1.353475356381020052e-04
2.837500000000000355e+00 1.150822791562957454e-03 1.421684238136829311e-04
2.862499999999999822e+00 1.284950645389216443e-03 2.670583129388858271e-04
2.887500000000000178e+00 1.120310868358427277e-03 2.962573542657196443e-04
2.912499999999999645e+00 1.841246992292710615e-03 6.175914500866707497e-04
2.937500000000000000e+00 6.358169126438459849e-03 9.348826515687120794e-03
2.962500000000000355e+00 nan nan
2.987499999999999822e+00 nan nan
