2.012500000000000178e+00 -1.565763559704315302e-04 2.149654231290327604e-05
2.037499999999999645e+00 -1.596616237560665071e-04 2.355014132034186590e-05
2.062500000000000000e+00 -1.702386703397123060e-04 2.495939219296899796e-05
2.087500000000000355e+00 -1.870326346063185387e-04 2.537995551045911120e-05
2.112499999999999822e+00 -2.320301245623034372e-04 2.348602513282254544e-05
2.137500000000000178e+00 -1.874468195414545233e-04 2.459746686001240907e-05
2.162499999999999645e+00 -1.219698854148191375e-04 2.817733050763366302e-05
2.187500000000000000e+00 -1.660426181644979226e-04 2.798140843681913421e-05
2.212500000000000355e+00 -1.915585875712053250e-04 2.282861394059195704e-05
2.237499999999999822e+00 -1.726113675255885535e-04 2.660896212352645854e-05
2.262500000000000178e+00 -2.080292787226006737e-04 3.510614937829144647e-05
2.287499999999999645e+00 -1.741198053099461197e-04 3.166091697572619759e-05
2.312500000000000000e+00 -1.523889677022640700e-04 3.334980788044873202e-05
2.337500000000000355e+00 -1.197548298542951096e-04 2.814068506566809482e-05
2.362499999999999822e+00 -1.868703825762625312e-04 3.629160642925211288e-05
2.387500000000000178e+00 -1.861531562011595013e-04 3.371427178877744053e-05
2.412499999999999645e+00 -2.191487669375846302e-04 2.505910032998774815e-05
2.437500000000000000e+00 -1.713624561489509581e-04 3.113243729705803399e-05
2.462500000000000355e+00 -1.439465414812792421e-04 3.405116913190679972e-05
2.487499999999999822e+00 -1.922704945732501116e-04 4.177521428200532634e-05
2.512500000000000178e+00 -1.950071643488037430e-04 3.254701364991058001e-05
2.537499999999999645e+00 -1.990810218733512615e-04 4.439890133901392110e-05
2.562500000000000000e+00 -2.057263235569988359e-04 4.287740383455714672e-05
2.587500000000000355e+00 -2.222728214848137423e-04 4.523567997511631657e-05
2.612499999999999822e+00 -2.570490315282698748e-04 4.026191490109643092e-05
2.637500000000000178e+00 -2.020510525277268181e-04 4.231027866701709422e-05
2.662499999999999645e+00 -1.942509324693508712e-04 5.501096245753720132e-05
2.687500000000000000e+00 -1.446560794599178719e-04 5.048630129728196172e-05
2.712500000000000355e+00 -1.670467377156176106e-04 5.046833648168939311e-05
2.737499999999999822e+00 -1.315233436595791817e-04 5.781938161646229038e-05
2.762500000000000178e+00 -1.358831529702435141e-04 6.092013008205436023e-05
2.787499999999999645e+00 -2.584228241810887332e-04 6.963322822972156873e-05
2.812500000000000000e+00 -9.028732674981973126e-05 8.012851601459844420e-05
2.837500000000000355e+00 -1.945588576116735746e-04 8.260238727991438875e-05
2.862499999999999822e+00 -1.878414178093535812e-04 8.482090618748918710e-05
2.887500000000000178e+00 -7.747015741887768557e-05 1.177981775574359573e-04
2.912499999999999645e+00 -1.927264968375483681e-04 1.852373360329650598e-04
2.937500000000000000e+00 -7.396149155469815273e-04 6.968396254614510647e-04
2.962500000000000355e+00 nan nan
2.987499999999999822e+00 nan nan
