2.049999999999999822e+00 4.475274955499182472e-02 1.279316179216200217e-03 1.291116680712569957e-02 1.416285133859987097e-03
2.150000000000000355e+00 4.634073350783758649e-02 1.235798532959990568e-03 1.260409429378115537e-02 1.409224955580993610e-03
2.250000000000000000e+00 5.026459857475783916e-02 1.421778299468940809e-03 1.337058342607569221e-02 1.366325524166749766e-03
2.349999999999999645e+00 5.068836219733820897e-02 1.420441677513384522e-03 1.238640483036029111e-02 1.502863818592289555e-03
2.450000000000000178e+00 5.482436434050053098e-02 1.536274799078564401e-03 1.373183407220672850e-02 1.748956409050922553e-03
2.549999999999999822e+00 6.108302251148101103e-02 1.780987765290031584e-03 1.611185156586800171e-02 1.694100310094752209e-03
2.650000000000000355e+00 6.462832163028754684e-02 1.885974427100963000e-03 1.681614292263379148e-02 1.638605534609595101e-03
2.750000000000000000e+00 6.385527816844376037e-02 2.006849590242456259e-03 1.490809493322269898e-02 1.859579021136170598e-03
2.849999999999999645e+00 6.875861330086775747e-02 2.210832029233602333e-03 1.636245505174054732e-02 2.175168612881014929e-03
2.950000000000000178e+00 8.752625324737429990e-02 2.981756863598438757e-03 1.835680368970589796e-02 2.546183449923784467e-03
