2.012500000000000178e+00 3.614354100446393048e-01 4.745400034563512955e-03 1.252253892476762054e-01 3.101259199763469962e-03 4.872754347304574657e-02 2.658022713110256077e-03 2.718107593148840276e-02 2.750809790321890724e-03
2.037499999999999645e+00 3.553439825033720689e-01 6.045119141008654245e-03 1.227884778808124994e-01 3.402628945882038916e-03 4.981674104695196781e-02 2.668209869664991008e-03 2.954422563779421362e-02 2.641622772564410603e-03
2.062500000000000000e+00 3.669842422310345409e-01 6.916911776081388803e-03 1.236910982935684050e-01 3.544256968535215973e-03 5.002331491206127995e-02 2.631817015797253967e-03 2.982794910197139257e-02 2.679423787173921320e-03
2.087500000000000355e+00 3.723667605523189317e-01 6.520001705885899307e-03 1.259812103877620826e-01 3.924740860488935661e-03 4.848833484648838732e-02 2.859052698699461083e-03 2.673781000262152874e-02 2.755733333483829754e-03
2.112499999999999822e+00 3.772253344472091263e-01 7.956395672142783926e-03 1.265515211501558879e-01 4.991488880155781245e-03 4.904526077701716613e-02 3.150821677041865110e-03 2.750001399283888773e-02 2.843387522904123818e-03
2.137500000000000178e+00 3.731367481582975043e-01 8.568205757061865199e-03 1.266346561991784636e-01 4.568913260260047855e-03 5.014404314851458183e-02 3.152042893317140611e-03 2.883374024080762738e-02 3.107343262321231835e-03
2.162499999999999645e+00 3.831779864140268943e-01 6.261890137497165554e-03 1.255617757872686813e-01 3.936687923293387403e-03 5.014390991831677025e-02 3.089009728767386914e-03 2.965774069265382507e-02 3.047958387212472506e-03
2.187500000000000000e+00 3.896402325863134730e-01 9.131248909799802999e-03 1.270446546091976159e-01 3.865969500005334361e-03 4.871427904618065574e-02 2.606183910389869157e-03 2.727626263860756170e-02 2.584177136455079009e-03
2.212500000000000355e+00 3.892369690072129962e-01 6.494597012676524284e-03 1.280478016761623095e-01 3.913677345032878091e-03 5.093308365191162590e-02 2.827753181959655800e-03 2.983041434217440988e-02 2.797287162522686579e-03
2.237499999999999822e+00 4.001378532375197139e-01 8.404470916489742427e-03 1.290157521538497776e-01 3.907120365271162313e-03 4.765726270778437162e-02 2.905611078479572451e-03 2.518051606951423466e-02 2.908431684901203410e-03
2.262500000000000178e+00 4.140647195743614173e-01 7.975001931125533239e-03 1.341733355021624829e-01 4.164504944447169205e-03 5.216160222451585865e-02 3.120073006355475725e-03 2.972116585032572728e-02 3.101200473243861336e-03
2.287499999999999645e+00 3.997840439908951771e-01 7.484854185938388804e-03 1.271111066863920280e-01 3.663032118173299365e-03 4.689832197967436916e-02 2.529437650759554148e-03 2.472636659755592103e-02 2.512009746016034481e-03
2.312500000000000000e+00 4.094714110416347030e-01 7.176259708138962336e-03 1.266782561542927066e-01 3.932773498181467951e-03 4.465081222474381883e-02 2.849730606212882815e-03 2.238276857371085393e-02 3.037816044867515993e-03
2.337500000000000355e+00 4.018668726341205200e-01 6.012384330179670021e-03 1.236887962389524864e-01 3.108913643856804718e-03 4.343154165714114417e-02 2.721806520894256773e-03 2.158412296502751349e-02 2.948179728631229127e-03
2.362499999999999822e+00 4.212793385899984422e-01 8.479162721028157476e-03 1.314051540888225011e-01 3.682110135579601956e-03 5.045967947302457818e-02 2.772424374310257164e-03 2.872113975976891762e-02 2.887588174680802769e-03
2.387500000000000178e+00 4.202425110303273925e-01 7.925321163942823655e-03 1.318206295130023020e-01 4.100118349012788974e-03 4.787049337268084459e-02 3.082996522029943318e-03 2.472611567137513247e-02 3.027890498776436047e-03
2.412499999999999645e+00 4.333967194726643379e-01 8.930112126877953055e-03 1.288478364574071611e-01 4.311709730899211321e-03 4.659362089658132533e-02 3.324257903420558581e-03 2.488011340516027223e-02 3.362145803772512501e-03
2.437500000000000000e+00 4.469719695026836970e-01 1.207092587997670927e-02 1.338753790740848382e-01 4.823644328847186656e-03 5.041473933016155790e-02 3.652900827194414685e-03 2.866848147695127275e-02 3.664501640253088957e-03
2.462500000000000355e+00 4.618059159459115270e-01 1.120881397563459198e-02 1.423443459309076953e-01 5.382134664959849560e-03 5.180455150179075208e-02 3.533696779832148308e-03 2.732479346301795731e-02 3.502559569551374086e-03
2.487499999999999822e+00 4.439097077538990410e-01 8.572711403557040435e-03 1.318222796726391532e-01 4.045395414508407006e-03 4.667496716161222137e-02 2.942801421177291491e-03 2.406412368935095802e-02 3.064099380584246659e-03
2.512500000000000178e+00 4.549012567584804767e-01 9.697916317839323438e-03 1.381892927885534639e-01 5.551299116770221087e-03 5.033536488524226193e-02 4.103528441431042277e-03 2.649008414087768853e-02 3.892433984590922512e-03
2.537499999999999645e+00 4.615661604510329918e-01 8.574255517634079074e-03 1.335322038904017683e-01 3.888439407606675887e-03 4.669131769221116640e-02 2.646336608912099129e-03 2.385818658926430746e-02 2.702191836380350883e-03
2.562500000000000000e+00 4.746310155553794541e-01 7.867453751113624369e-03 1.429089249468888656e-01 4.375672191695689425e-03 5.279204053416052672e-02 3.329390876729344285e-03 2.876211510666171201e-02 3.434587231114098575e-03
2.587500000000000355e+00 5.072201733180533578e-01 1.403160323504862826e-02 1.566987415568858732e-01 7.293913263821337999e-03 5.560768770953293527e-02 4.437947448580246979e-03 2.769191938242192980e-02 4.046668625307506956e-03
2.612499999999999822e+00 4.876488974087712647e-01 1.197035740451451828e-02 1.433326343851119844e-01 5.321140671304654471e-03 5.157005004977452400e-02 3.603110935845484520e-03 2.720621806438825244e-02 3.665150531030630758e-03
2.637500000000000178e+00 4.948751654733624661e-01 1.119271029664404421e-02 1.439569423389879810e-01 5.338808145503809097e-03 5.370779060370708957e-02 3.809262317762264309e-03 3.023450738266869262e-02 3.778386438701516418e-03
2.662499999999999645e+00 5.132545512461721415e-01 1.216519496711892384e-02 1.518745969410687791e-01 5.715943246869455673e-03 5.646755306040525391e-02 3.262613214841050477e-03 3.137288304901549030e-02 3.099884710795942737e-03
2.687500000000000000e+00 5.000044674147630097e-01 1.136006641959060037e-02 1.431227739305675761e-01 5.862269184194160605e-03 5.248896912890444605e-02 3.695058790079245280e-03 2.886714705442306253e-02 3.453910739327364660e-03
2.712500000000000355e+00 5.158515233543379264e-01 1.075502526983517122e-02 1.488458686953106902e-01 5.409451954822718303e-03 5.218082278028231269e-02 3.695484937765323909e-03 2.643351020614715177e-02 3.651757252192645506e-03
2.737499999999999822e+00 5.185733962760886717e-01 1.502781144937787201e-02 1.354793609512199015e-01 4.350575619956685569e-03 4.271747469024534533e-02 2.858044785240783110e-03 1.919171393932350353e-02 2.854977360315120918e-03
2.762500000000000178e+00 5.149590897816167523e-01 1.338070373441207009e-02 1.424585408137119813e-01 5.984247476276667241e-03 4.756607504427709521e-02 3.613079984513315000e-03 2.279072720798010210e-02 3.577050985080478581e-03
2.787499999999999645e+00 5.231382331456277957e-01 1.429227002234047077e-02 1.409101216128252065e-01 5.194153397852525195e-03 5.176337953754870519e-02 3.724753277472764735e-03 2.973986587518830799e-02 3.848158849423473360e-03
2.812500000000000000e+00 5.099729476795619165e-01 1.120238911491684870e-02 1.380353672480216232e-01 5.506225901817296195e-03 4.737830268109483739e-02 3.990924183422219114e-03 2.403877293979163679e-02 4.007404113378474145e-03
2.837500000000000355e+00 5.185462329861310060e-01 1.408553870597336645e-02 1.402962312366918818e-01 6.893375260631633659e-03 4.474415512994896899e-02 4.103185542445265434e-03 1.955269570206103272e-02 3.780081703331931563e-03
2.862499999999999822e+00 5.467890835621166401e-01 1.328435878676407361e-02 1.541564197303263717e-01 6.491298683827892262e-03 5.657726008513429966e-02 4.194112718361259207e-03 3.093475908234756197e-02 3.806868240103881799e-03
2.887500000000000178e+00 5.684219427173364814e-01 1.413132750098464001e-02 1.565879783138532100e-01 5.952322575205936175e-03 5.770073353708029401e-02 3.920700879221640858e-03 3.236679604608163480e-02 3.902001584582189941e-03
2.912499999999999645e+00 5.816757198041405674e-01 1.669352293794253497e-02 1.622116549301519106e-01 6.502238606094826699e-03 5.953860707036016248e-02 4.888483696322090157e-03 3.269612860551766864e-02 4.988409063863026051e-03
2.937500000000000000e+00 5.647584513795843586e-01 1.737059001983298073e-02 1.467807997560784394e-01 5.902963203604971211e-03 5.128568702504728710e-02 4.009777816474543316e-03 2.713790796044344283e-02 3.812274669539172847e-03
2.962500000000000355e+00 5.928197230838391230e-01 1.647138698840408533e-02 1.468726671347855006e-01 7.012738227344412524e-03 5.088341056877506569e-02 5.109902502185226930e-03 2.711668263063319456e-02 5.166921141880650124e-03
2.987499999999999822e+00 1.856571349501950863e+02 4.162687717568876877e+01 6.948193844037463407e+01 2.726710730855481657e+01 2.815050478417257906e+01 9.838069887022761861e+00 1.590360620969337191e+01 5.383812825463434315e+00
