2.024999999999999911e+00 -1.594894487017002160e-04 1.737134909326709079e-05
2.075000000000000178e+00 -1.769237176509561309e-04 2.004869918768899663e-05
2.125000000000000000e+00 -2.094273711493090258e-04 1.908714618930520070e-05
2.174999999999999822e+00 -1.459489104441713265e-04 2.056052996511285706e-05
2.225000000000000089e+00 -1.837079690261298945e-04 1.957189925783246390e-05
2.274999999999999911e+00 -1.879421449255732485e-04 2.366507105114247256e-05
2.325000000000000178e+00 -1.426826459203611838e-04 2.436002308856122838e-05
2.375000000000000000e+00 -1.850304925461707692e-04 2.624543902470434051e-05
2.424999999999999822e+00 -1.986688364570819731e-04 1.983341379127161072e-05
2.475000000000000089e+00 -1.615138735109469077e-04 2.670146144032805666e-05
2.524999999999999911e+00 -1.949494247401362167e-04 3.013259522552001816e-05
2.575000000000000178e+00 -2.157625714147354463e-04 3.512574620129452777e-05
2.625000000000000000e+00 -2.314063076036892378e-04 2.938247087302665360e-05
2.674999999999999822e+00 -1.781894641574093777e-04 3.608757383113296927e-05
2.725000000000000089e+00 -1.489129790087449898e-04 4.034875493452093039e-05
2.774999999999999911e+00 -1.884883387833842690e-04 5.309324266889101887e-05
2.825000000000000178e+00 -1.569372077756144273e-04 6.277180474646763776e-05
2.875000000000000000e+00 -1.368024904503372394e-04 6.522639572997365374e-05
2.924999999999999822e+00 -2.188442941765491624e-04 1.883042704860277323e-04
2.975000000000000089e+00 nan nan
