2.024999999999999911e+00 2.512674040755310157e-04 8.008846907206353626e-06
2.075000000000000178e+00 2.703006480696721562e-04 9.095909250201408247e-06
2.125000000000000000e+00 2.747032382008355775e-04 8.238555885651869089e-06
2.174999999999999822e+00 3.072435298705360239e-04 7.594410421522976015e-06
2.225000000000000089e+00 3.322965156250877569e-04 9.624420933181534554e-06
2.274999999999999911e+00 3.500904577608428530e-04 8.791312080436289512e-06
2.325000000000000178e+00 3.604550649321449241e-04 1.094882738223266863e-05
2.375000000000000000e+00 4.088538986202530623e-04 1.269884422039323438e-05
2.424999999999999822e+00 4.281126236420370159e-04 1.472717987812852736e-05
2.475000000000000089e+00 4.628664280672186446e-04 1.555700569212466566e-05
2.524999999999999911e+00 4.758706923344546138e-04 1.874064911218378333e-05
2.575000000000000178e+00 5.723435243898800486e-04 2.202247811590920260e-05
2.625000000000000000e+00 5.689671458455667187e-04 2.327963686433665299e-05
2.674999999999999822e+00 6.227881447073753017e-04 3.188632514221856150e-05
2.725000000000000089e+00 6.288770264740333772e-04 3.753975375719247298e-05
2.774999999999999911e+00 7.583461989292397459e-04 5.559090137330978089e-05
2.825000000000000178e+00 7.619552664131800691e-04 8.411068719122074936e-05
2.875000000000000000e+00 1.006234249138898479e-03 1.597682921112669979e-04
2.924999999999999822e+00 1.650658727001350122e-03 6.305718508366674148e-04
2.975000000000000089e+00 nan nan
