2.024999999999999911e+00 8.046826434619841484e-02 2.148885971721260866e-03
2.075000000000000178e+00 8.225245504208843206e-02 2.359942423031911873e-03
2.125000000000000000e+00 8.307485859009620943e-02 2.684759693581835732e-03
2.174999999999999822e+00 8.410784492250529543e-02 2.505767819448480749e-03
2.225000000000000089e+00 8.682415200729930171e-02 2.264687685733716375e-03
2.274999999999999911e+00 8.936232119518086603e-02 2.442246740922865075e-03
2.325000000000000178e+00 8.505577038670393553e-02 2.439539049772762418e-03
2.375000000000000000e+00 9.325222348533877825e-02 2.479510499966918000e-03
2.424999999999999822e+00 9.208592019215740276e-02 2.907899076475478541e-03
2.475000000000000089e+00 9.554613723028512751e-02 2.660447666207653092e-03
2.524999999999999911e+00 9.802535179607929638e-02 3.580968653840219725e-03
2.575000000000000178e+00 1.061782560445488077e-01 3.198723986813768391e-03
2.625000000000000000e+00 1.055095425591068142e-01 3.189457662277475191e-03
2.674999999999999822e+00 1.058165857045801628e-01 3.031024704407926304e-03
2.725000000000000089e+00 1.070998421817193763e-01 3.240817930479888889e-03
2.774999999999999911e+00 1.063047165456997012e-01 3.743405067086375514e-03
2.825000000000000178e+00 1.057626302064131746e-01 3.693366818278173529e-03
2.875000000000000000e+00 1.176201575557780377e-01 3.988839953537740186e-03
2.924999999999999822e+00 1.181885304874801257e-01 3.660656040108341974e-03
2.975000000000000089e+00 1.470046288550423408e-01 7.020949748713048444e-03
