7.499999999999999722e-03 0.000000000000000000e+00
2.249999999999999917e-02 0.000000000000000000e+00
3.749999999999999861e-02 0.000000000000000000e+00
5.249999999999999806e-02 0.000000000000000000e+00
6.750000000000000444e-02 0.000000000000000000e+00
8.249999999999999001e-02 0.000000000000000000e+00
9.750000000000000333e-02 0.000000000000000000e+00
1.124999999999999889e-01 0.000000000000000000e+00
1.275000000000000022e-01 0.000000000000000000e+00
1.425000000000000155e-01 0.000000000000000000e+00
1.574999999999999734e-01 0.000000000000000000e+00
1.724999999999999867e-01 0.000000000000000000e+00
1.875000000000000000e-01 0.000000000000000000e+00
2.025000000000000133e-01 0.000000000000000000e+00
2.174999999999999711e-01 0.000000000000000000e+00
2.324999999999999845e-01 0.000000000000000000e+00
2.474999999999999978e-01 0.000000000000000000e+00
2.625000000000000111e-01 0.000000000000000000e+00
2.774999999999999689e-01 0.000000000000000000e+00
2.924999999999999822e-01 0.000000000000000000e+00
3.074999999999999956e-01 0.000000000000000000e+00
3.225000000000000089e-01 0.000000000000000000e+00
3.374999999999999667e-01 0.000000000000000000e+00
3.524999999999999800e-01 0.000000000000000000e+00
3.674999999999999933e-01 0.000000000000000000e+00
3.825000000000000067e-01 0.000000000000000000e+00
3.974999999999999645e-01 0.000000000000000000e+00
4.124999999999999778e-01 0.000000000000000000e+00
4.274999999999999911e-01 0.000000000000000000e+00
4.425000000000000044e-01 0.000000000000000000e+00
4.574999999999999623e-01 0.000000000000000000e+00
4.724999999999999756e-01 0.000000000000000000e+00
4.874999999999999889e-01 0.000000000000000000e+00
5.024999999999999467e-01 0.000000000000000000e+00
5.175000000000000711e-01 0.000000000000000000e+00
5.324999999999999734e-01 0.000000000000000000e+00
5.474999999999999867e-01 0.000000000000000000e+00
5.625000000000000000e-01 0.000000000000000000e+00
5.774999999999999023e-01 0.000000000000000000e+00
5.925000000000000266e-01 0.000000000000000000e+00
6.074999999999999289e-01 0.000000000000000000e+00
6.225000000000000533e-01 0.000000000000000000e+00
6.374999999999999556e-01 0.000000000000000000e+00
6.524999999999999689e-01 0.000000000000000000e+00
6.674999999999999822e-01 0.000000000000000000e+00
6.824999999999998845e-01 0.000000000000000000e+00
6.975000000000000089e-01 0.000000000000000000e+00
7.124999999999999112e-01 0.000000000000000000e+00
7.275000000000000355e-01 0.000000000000000000e+00
7.424999999999999378e-01 0.000000000000000000e+00
7.575000000000000622e-01 0.000000000000000000e+00
7.724999999999999645e-01 0.000000000000000000e+00
7.874999999999999778e-01 0.000000000000000000e+00
8.024999999999999911e-01 0.000000000000000000e+00
8.174999999999998934e-01 0.000000000000000000e+00
8.325000000000000178e-01 0.000000000000000000e+00
8.474999999999999201e-01 0.000000000000000000e+00
8.625000000000000444e-01 0.000000000000000000e+00
8.774999999999999467e-01 0.000000000000000000e+00
8.924999999999999600e-01 0.000000000000000000e+00
9.074999999999999734e-01 0.000000000000000000e+00
9.224999999999998757e-01 0.000000000000000000e+00
9.375000000000000000e-01 0.000000000000000000e+00
9.524999999999999023e-01 0.000000000000000000e+00
9.675000000000000266e-01 0.000000000000000000e+00
9.824999999999999289e-01 0.000000000000000000e+00
9.974999999999999423e-01 0.000000000000000000e+00
1.012499999999999956e+00 0.000000000000000000e+00
1.027499999999999858e+00 0.000000000000000000e+00
1.042499999999999982e+00 0.000000000000000000e+00
1.057500000000000107e+00 0.000000000000000000e+00
1.072500000000000009e+00 0.000000000000000000e+00
1.087499999999999911e+00 0.000000000000000000e+00
1.102500000000000036e+00 0.000000000000000000e+00
1.117499999999999938e+00 0.000000000000000000e+00
1.132499999999999840e+00 0.000000000000000000e+00
1.147499999999999964e+00 0.000000000000000000e+00
1.162500000000000089e+00 0.000000000000000000e+00
1.177499999999999991e+00 0.000000000000000000e+00
1.192499999999999893e+00 0.000000000000000000e+00
1.207500000000000018e+00 0.000000000000000000e+00
1.222499999999999920e+00 0.000000000000000000e+00
1.237499999999999822e+00 0.000000000000000000e+00
1.252499999999999947e+00 0.000000000000000000e+00
1.267500000000000071e+00 0.000000000000000000e+00
1.282499999999999973e+00 0.000000000000000000e+00
1.297499999999999876e+00 0.000000000000000000e+00
1.312500000000000000e+00 0.000000000000000000e+00
1.327499999999999902e+00 0.000000000000000000e+00
1.342499999999999805e+00 0.000000000000000000e+00
1.357499999999999929e+00 0.000000000000000000e+00
1.372500000000000053e+00 0.000000000000000000e+00
1.387499999999999956e+00 0.000000000000000000e+00
1.402499999999999858e+00 0.000000000000000000e+00
1.417499999999999982e+00 0.000000000000000000e+00
1.432500000000000107e+00 0.000000000000000000e+00
1.447499999999999787e+00 0.000000000000000000e+00
1.462499999999999911e+00 0.000000000000000000e+00
1.477500000000000036e+00 0.000000000000000000e+00
1.492499999999999938e+00 0.000000000000000000e+00
1.507499999999999840e+00 0.000000000000000000e+00
1.522499999999999964e+00 0.000000000000000000e+00
1.537500000000000089e+00 0.000000000000000000e+00
1.552499999999999991e+00 0.000000000000000000e+00
1.567499999999999893e+00 0.000000000000000000e+00
1.582500000000000018e+00 0.000000000000000000e+00
1.597499999999999920e+00 0.000000000000000000e+00
1.612499999999999822e+00 0.000000000000000000e+00
1.627499999999999947e+00 0.000000000000000000e+00
1.642500000000000071e+00 0.000000000000000000e+00
1.657499999999999973e+00 0.000000000000000000e+00
1.672499999999999876e+00 0.000000000000000000e+00
1.687500000000000000e+00 0.000000000000000000e+00
1.702499999999999902e+00 0.000000000000000000e+00
1.717499999999999805e+00 0.000000000000000000e+00
1.732499999999999929e+00 0.000000000000000000e+00
1.747500000000000053e+00 0.000000000000000000e+00
1.762499999999999956e+00 0.000000000000000000e+00
1.777499999999999858e+00 0.000000000000000000e+00
1.792499999999999982e+00 0.000000000000000000e+00
1.807499999999999885e+00 2.614796000000000000e+06
1.822499999999999787e+00 2.571778000000000000e+06
1.837499999999999911e+00 2.537688000000000000e+06
1.852500000000000036e+00 2.452963000000000000e+06
1.867499999999999938e+00 2.357216000000000000e+06
1.882499999999999840e+00 2.272013000000000000e+06
1.897499999999999964e+00 2.252913000000000000e+06
1.912500000000000089e+00 2.257150000000000000e+06
1.927499999999999769e+00 2.234096000000000000e+06
1.942499999999999893e+00 2.209605000000000000e+06
1.957500000000000018e+00 2.098659000000000000e+06
1.972499999999999920e+00 1.973292000000000000e+06
1.987499999999999822e+00 1.896979000000000000e+06
2.002499999999999947e+00 1.938197000000000000e+06
2.017500000000000071e+00 2.021283000000000000e+06
2.032499999999999751e+00 1.981501000000000000e+06
2.047499999999999876e+00 1.851347000000000000e+06
2.062500000000000000e+00 1.695247000000000000e+06
2.077499999999999680e+00 1.684657000000000000e+06
2.092500000000000249e+00 1.747859000000000000e+06
2.107499999999999929e+00 1.775376000000000000e+06
2.122499999999999609e+00 1.738994000000000000e+06
2.137500000000000178e+00 1.631075000000000000e+06
2.152499999999999858e+00 1.598866000000000000e+06
2.167499999999999982e+00 1.629569000000000000e+06
2.182500000000000107e+00 1.726861000000000000e+06
2.197499999999999787e+00 1.712453000000000000e+06
2.212499999999999911e+00 1.623252000000000000e+06
2.227500000000000036e+00 1.525704000000000000e+06
2.242499999999999716e+00 1.486537000000000000e+06
2.257500000000000284e+00 1.475423000000000000e+06
2.272499999999999964e+00 1.477029000000000000e+06
2.287499999999999645e+00 1.463105000000000000e+06
2.302500000000000213e+00 1.451577000000000000e+06
2.317499999999999893e+00 1.459769000000000000e+06
2.332499999999999574e+00 1.441208000000000000e+06
2.347500000000000142e+00 1.431395000000000000e+06
2.362499999999999822e+00 1.402767000000000000e+06
2.377499999999999947e+00 1.369038000000000000e+06
2.392500000000000071e+00 1.325941000000000000e+06
2.407499999999999751e+00 1.296709000000000000e+06
2.422499999999999876e+00 1.263081000000000000e+06
2.437500000000000000e+00 1.253607000000000000e+06
2.452499999999999680e+00 1.268974000000000000e+06
2.467500000000000249e+00 1.257635000000000000e+06
2.482499999999999929e+00 1.203342000000000000e+06
2.497499999999999609e+00 1.187294000000000000e+06
2.512500000000000178e+00 1.182264000000000000e+06
2.527499999999999858e+00 1.205749000000000000e+06
2.542499999999999538e+00 1.211778000000000000e+06
2.557500000000000107e+00 1.205402000000000000e+06
2.572499999999999787e+00 1.136991000000000000e+06
2.587499999999999911e+00 1.101925000000000000e+06
2.602500000000000036e+00 1.099244000000000000e+06
2.617499999999999716e+00 1.119807000000000000e+06
2.632499999999999840e+00 1.094951000000000000e+06
2.647499999999999964e+00 1.050891000000000000e+06
2.662499999999999645e+00 1.026294000000000000e+06
2.677500000000000213e+00 1.015988000000000000e+06
2.692499999999999893e+00 9.911750000000000000e+05
2.707499999999999574e+00 9.615040000000000000e+05
2.722500000000000142e+00 9.243660000000000000e+05
2.737499999999999822e+00 9.133940000000000000e+05
2.752499999999999947e+00 9.273320000000000000e+05
2.767500000000000071e+00 9.332710000000000000e+05
2.782499999999999751e+00 9.054580000000000000e+05
2.797499999999999876e+00 8.545910000000000000e+05
2.812500000000000000e+00 8.142870000000000000e+05
2.827499999999999680e+00 7.936170000000000000e+05
2.842500000000000249e+00 7.693650000000000000e+05
2.857499999999999929e+00 7.532490000000000000e+05
2.872499999999999609e+00 7.251880000000000000e+05
2.887500000000000178e+00 6.992030000000000000e+05
2.902499999999999858e+00 6.750270000000000000e+05
2.917499999999999538e+00 6.651810000000000000e+05
2.932500000000000107e+00 6.867580000000000000e+05
2.947499999999999787e+00 7.267450000000000000e+05
2.962499999999999911e+00 6.261130000000000000e+05
2.977500000000000036e+00 1.555900000000000000e+04
2.992499999999999716e+00 0.000000000000000000e+00
