0.000000000000000000e+00 1.201062751878118062e-03
6.020408163265306145e-02 3.285624568377157328e-02
1.204081632653061229e-01 2.308954980415303393e-01
1.806122448979591844e-01 9.990160413516215865e-01
2.408163265306122458e-01 7.980620184520130778e-01
3.010204081632653073e-01 3.191713170550815604e-01
3.612244897959183687e-01 7.343205831777853410e-02
4.214285714285714302e-01 2.543891340065855197e-03
4.816326530612244916e-01 1.702328257450161696e-06
5.418367346938774975e-01 0.000000000000000000e+00
6.020408163265306145e-01 0.000000000000000000e+00
6.622448979591837315e-01 0.000000000000000000e+00
7.224489795918367374e-01 0.000000000000000000e+00
7.826530612244897434e-01 0.000000000000000000e+00
8.428571428571428603e-01 0.000000000000000000e+00
9.030612244897959773e-01 0.000000000000000000e+00
9.632653061224489832e-01 0.000000000000000000e+00
1.023469387755101989e+00 0.000000000000000000e+00
1.083673469387754995e+00 0.000000000000000000e+00
1.143877551020408223e+00 0.000000000000000000e+00
1.204081632653061229e+00 0.000000000000000000e+00
1.264285714285714235e+00 0.000000000000000000e+00
1.324489795918367463e+00 0.000000000000000000e+00
1.384693877551020469e+00 0.000000000000000000e+00
1.444897959183673475e+00 0.000000000000000000e+00
1.505102040816326481e+00 0.000000000000000000e+00
1.565306122448979487e+00 0.000000000000000000e+00
1.625510204081632715e+00 0.000000000000000000e+00
1.685714285714285721e+00 0.000000000000000000e+00
1.745918367346938727e+00 0.000000000000000000e+00
1.806122448979591955e+00 0.000000000000000000e+00
1.866326530612244960e+00 0.000000000000000000e+00
1.926530612244897966e+00 0.000000000000000000e+00
1.986734693877550972e+00 0.000000000000000000e+00
2.046938775510203978e+00 0.000000000000000000e+00
2.107142857142857206e+00 0.000000000000000000e+00
2.167346938775509990e+00 0.000000000000000000e+00
2.227551020408163218e+00 6.036606194617305044e-04
2.287755102040816446e+00 1.922770861989230072e-03
2.347959183673469230e+00 2.532549336559549585e-03
2.408163265306122458e+00 8.223387194234507355e-03
2.468367346938775686e+00 4.746052926279099166e-02
2.528571428571428470e+00 8.970363197584949044e-02
2.588775510204081698e+00 1.352747625453215585e-01
2.648979591836734926e+00 3.026096361289049019e-01
2.709183673469387710e+00 5.155231750339638319e-01
2.769387755102040938e+00 8.266282373505631220e-01
2.829591836734693722e+00 1.281348062179662683e+00
2.889795918367346950e+00 1.884634882711353709e+00
2.950000000000000178e+00 1.957282843291270780e+00
