2.550856577218403247e-07
0.000000000000000000e+00
0.000000000000000000e+00
0.000000000000000000e+00
0.000000000000000000e+00
3.414440656434537078e-07
0.000000000000000000e+00
0.000000000000000000e+00
0.000000000000000000e+00
0.000000000000000000e+00
4.185070692269109304e-07
0.000000000000000000e+00
0.000000000000000000e+00
0.000000000000000000e+00
0.000000000000000000e+00
5.513638574853042421e-07
0.000000000000000000e+00
0.000000000000000000e+00
7.339122450712819812e-07
0.000000000000000000e+00
