1.940308594703674228e+00 1.544833286020802542e-03
1.997585654258728027e+00 1.733588504834594583e-03
2.054862713813781827e+00 1.001245229707694055e-03
2.112139773368835627e+00 1.673396645492539365e-03
2.169416832923889427e+00 1.035136541674058991e-03
2.226693892478943226e+00 1.192007904773933211e-03
2.283970952033996582e+00 6.042267355852436747e-04
2.341248011589050382e+00 9.356024720978913835e-04
2.398525071144104182e+00 1.322981679930044108e-03
2.455802130699157981e+00 8.815474359486307051e-04
2.513079190254211781e+00 7.915066451230945736e-04
2.570356249809265137e+00 1.339172251739388468e-03
2.627633309364318936e+00 2.490814083264168504e-04
2.684910368919372736e+00 4.732759276911511635e-04
2.742187428474426536e+00 9.198173629022124778e-04
2.799464488029480336e+00 1.406764716826288449e-03
2.856741547584533691e+00 2.732954118799293432e-03
2.914018607139587047e+00 1.153072952555733287e-03
