1.940308594703674228e+00 1.508500525188151940e-03
1.997585654258728027e+00 1.665366384016972023e-03
2.054862713813781827e+00 9.401805855480472110e-04
2.112139773368835627e+00 1.589637183897330171e-03
2.169416832923889427e+00 9.750805793069945411e-04
2.226693892478943226e+00 1.043196733496563108e-03
2.283970952033996582e+00 4.480037332499488094e-04
2.341248011589050382e+00 8.659072345417513248e-04
2.398525071144104182e+00 1.218067112795966122e-03
2.455802130699157981e+00 7.149016302536561132e-04
2.513079190254211781e+00 6.961751271242400032e-04
2.570356249809265137e+00 1.186070697567492057e-03
2.627633309364318936e+00 -9.612622354314366612e-05
2.684910368919372736e+00 2.205913050504025705e-04
2.742187428474426536e+00 9.102859295240814472e-04
2.799464488029480336e+00 1.080354354564368484e-03
2.856741547584533691e+00 2.577556663541542403e-03
2.914018607139587047e+00 1.024167602189863819e-03
