2.024999999999999911e+00 9.086508328726998485e-02
2.074999999999999734e+00 9.264677291773250334e-02
2.125000000000000000e+00 9.449159432258670555e-02
2.174999999999999822e+00 9.639341026173733895e-02
2.225000000000000089e+00 9.833010024245060487e-02
2.274999999999999911e+00 1.002900595443794035e-01
2.325000000000000178e+00 1.022666465115660700e-01
2.375000000000000000e+00 1.042527609900295998e-01
2.424999999999999822e+00 1.062540131012485456e-01
2.475000000000000089e+00 1.082838505984297234e-01
2.524999999999999911e+00 1.103424503787199112e-01
2.575000000000000178e+00 1.124331948583222468e-01
2.625000000000000000e+00 1.145603452993508159e-01
2.674999999999999822e+00 1.167064495883265995e-01
2.725000000000000089e+00 1.188842309162793515e-01
2.774999999999999911e+00 1.210893473987650348e-01
2.825000000000000178e+00 1.233057049735037380e-01
2.875000000000000000e+00 1.255223590077720053e-01
2.924999999999999822e+00 1.277354163856592173e-01
