2.024999999999999911e+00 -2.096055663222688888e-04
2.074999999999999734e+00 -1.994111379501811233e-04
2.125000000000000000e+00 -2.060794114792231075e-04
2.174999999999999822e+00 -2.190735131614064831e-04
2.225000000000000089e+00 -2.044680994873150550e-04
2.274999999999999911e+00 -2.069135181100616378e-04
2.325000000000000178e+00 -2.154069316372466140e-04
2.375000000000000000e+00 -2.105417710510470281e-04
2.424999999999999822e+00 -2.039665860379431676e-04
2.475000000000000089e+00 -2.067925186871161745e-04
2.524999999999999911e+00 -2.210584554565158419e-04
2.575000000000000178e+00 -2.168622688118103609e-04
2.625000000000000000e+00 -2.145047859117057954e-04
2.674999999999999822e+00 -2.065312113330607026e-04
2.725000000000000089e+00 -2.075742619482507983e-04
2.774999999999999911e+00 -2.120703509092982492e-04
2.825000000000000178e+00 -1.986810473048135264e-04
2.875000000000000000e+00 -2.002717324522744447e-04
2.924999999999999822e+00 -1.952024685135951944e-04
2.975000000000000089e+00 -1.458651348840947079e-05
