2.024999999999999911e+00 2.958752972841468122e-04
2.074999999999999734e+00 3.183572054597041154e-04
2.125000000000000000e+00 3.422102592535919202e-04
2.174999999999999822e+00 3.674173247859495277e-04
2.225000000000000089e+00 3.940350637131612567e-04
2.274999999999999911e+00 4.220650448562593372e-04
2.325000000000000178e+00 4.514892140772531711e-04
2.375000000000000000e+00 4.823061283265784758e-04
2.424999999999999822e+00 5.145496680255404794e-04
2.475000000000000089e+00 5.482910494456745640e-04
2.524999999999999911e+00 5.836848777766279715e-04
2.575000000000000178e+00 6.207902099452905064e-04
2.625000000000000000e+00 6.596546995327007236e-04
2.674999999999999822e+00 7.002770905135577125e-04
2.725000000000000089e+00 7.426475690513207467e-04
2.774999999999999911e+00 7.868073499688759721e-04
2.825000000000000178e+00 8.327605891403942273e-04
2.875000000000000000e+00 8.804564711529251067e-04
2.924999999999999822e+00 9.298819980723457140e-04
2.975000000000000089e+00 0.000000000000000000e+00
