2.024999999999999911e+00 7.962317431704288295e-02 2.015158893977093708e-03
2.074999999999999734e+00 8.266983505012825972e-02 2.058049814422067709e-03
2.125000000000000000e+00 8.289623647847040033e-02 2.415882233502006631e-03
2.174999999999999822e+00 8.398553945979940483e-02 2.099460366352027749e-03
2.225000000000000089e+00 8.669522838279522525e-02 2.042082132675191331e-03
2.274999999999999911e+00 8.816008694031103599e-02 2.338275539775954738e-03
2.325000000000000178e+00 8.509803732027573786e-02 2.458505613613265386e-03
2.375000000000000000e+00 9.328412682954072277e-02 2.290925258553614362e-03
2.424999999999999822e+00 9.248170433973425253e-02 2.645577105523024865e-03
2.475000000000000089e+00 9.545693136994440331e-02 2.788276103936071677e-03
2.524999999999999911e+00 9.789589845925385225e-02 2.966088117792678360e-03
2.575000000000000178e+00 1.054555249708016701e-01 2.685359705849538984e-03
2.625000000000000000e+00 1.054099863877413501e-01 3.092777026252474699e-03
2.674999999999999822e+00 1.064623466952331204e-01 2.927064407277154764e-03
2.725000000000000089e+00 1.073840725099632215e-01 3.071918737647204040e-03
2.774999999999999911e+00 1.061268107115553999e-01 3.381737224701817594e-03
2.825000000000000178e+00 1.048290258335826813e-01 3.129980484513007928e-03
2.875000000000000000e+00 1.165022092701358397e-01 3.969361577627000294e-03
2.924999999999999822e+00 1.171890867378467538e-01 3.500927495929402177e-03
2.975000000000000089e+00 1.465134287615456332e-01 6.635855948253641806e-03
