2.012500000000000178e+00 1.247580128824372497e-01 3.271087903424865079e-03
2.037500000000000089e+00 1.218694586289459370e-01 3.200182922855974998e-03
2.062500000000000000e+00 1.228669555773033301e-01 3.258457824370528198e-03
2.087500000000000355e+00 1.270766796351366079e-01 3.580390041003975524e-03
2.112500000000000266e+00 1.269959493296486108e-01 4.603263032938663749e-03
2.137500000000000178e+00 1.256536971233700173e-01 4.218049018522030021e-03
2.162500000000000089e+00 1.251150905716362227e-01 3.850095153761995317e-03
2.187500000000000000e+00 1.275604255999492065e-01 3.423642765496393882e-03
2.212500000000000355e+00 1.278039687224435117e-01 3.794914131332418391e-03
2.237500000000000266e+00 1.290744227906644448e-01 3.567621281921453617e-03
2.262500000000000178e+00 1.329550756249247290e-01 3.965842418958349588e-03
2.287500000000000089e+00 1.256994502123458812e-01 3.442546277493131659e-03
2.312500000000000000e+00 1.268492455892507864e-01 3.745854165650539577e-03
2.337500000000000355e+00 1.237997214478768065e-01 2.808427051747150460e-03
2.362500000000000266e+00 1.318660606766555721e-01 3.648595183747978341e-03
2.387500000000000178e+00 1.315409697245410181e-01 3.879240191009897514e-03
2.412500000000000089e+00 1.298936065119174754e-01 4.127050058768789477e-03
2.437500000000000000e+00 1.341425234540410405e-01 4.382316416141243676e-03
2.462500000000000355e+00 1.422332295689084647e-01 5.605440741488557782e-03
2.487500000000000266e+00 1.319999239648717293e-01 3.963801194970683998e-03
2.512500000000000178e+00 1.381248017955426510e-01 4.973254297690024410e-03
2.537500000000000089e+00 1.334862655073842941e-01 3.683904003923182957e-03
2.562500000000000000e+00 1.418028754636271593e-01 4.294168606662296904e-03
2.587500000000000355e+00 1.562351991200592038e-01 6.838963227165673411e-03
2.612500000000000266e+00 1.437059700617675795e-01 5.029016693620208013e-03
2.637500000000000178e+00 1.438584645701699027e-01 5.137479942744889450e-03
2.662500000000000089e+00 1.521396210073672206e-01 5.883098794826523842e-03
2.687500000000000000e+00 1.438787214856458718e-01 5.686964724065871578e-03
2.712500000000000355e+00 1.488604671162742921e-01 4.993353166351470647e-03
2.737500000000000266e+00 1.358717401641426903e-01 4.357910899456544397e-03
2.762500000000000178e+00 1.422228760904428457e-01 5.731714635463350076e-03
2.787500000000000089e+00 1.405464016654849047e-01 4.692400864374276365e-03
2.812500000000000000e+00 1.365336193712823887e-01 5.141762741759913283e-03
2.837500000000000355e+00 1.389147225592200219e-01 6.844896770737970461e-03
2.862500000000000266e+00 1.534037787425258648e-01 6.199088455708335818e-03
2.887500000000000178e+00 1.557138376864891649e-01 5.810292635444724504e-03
2.912500000000000089e+00 1.600164321323783445e-01 5.945444825282765119e-03
2.937500000000000000e+00 1.468847699846572985e-01 6.081587386598422823e-03
2.962500000000000355e+00 1.465208769465385363e-01 6.589738447607845252e-03
2.987500000000000266e+00 5.872704141951003720e+01 2.150677699444134561e+01
