1.875000074505805969e-02 0.000000000000000000e+00
5.625000223517417908e-02 0.000000000000000000e+00
9.375000000000000000e-02 0.000000000000000000e+00
1.312499940395355225e-01 0.000000000000000000e+00
1.687500029802322388e-01 0.000000000000000000e+00
2.062499970197677612e-01 0.000000000000000000e+00
2.437499910593032837e-01 0.000000000000000000e+00
2.812500000000000000e-01 0.000000000000000000e+00
3.187500238418579102e-01 0.000000000000000000e+00
3.562499880790710449e-01 0.000000000000000000e+00
3.937500119209289551e-01 0.000000000000000000e+00
4.312499761581420898e-01 0.000000000000000000e+00
4.687500000000000000e-01 0.000000000000000000e+00
5.062500238418579102e-01 0.000000000000000000e+00
5.437499880790710449e-01 0.000000000000000000e+00
5.812500119209289551e-01 0.000000000000000000e+00
6.187499761581420898e-01 0.000000000000000000e+00
6.562500000000000000e-01 0.000000000000000000e+00
6.937500238418579102e-01 0.000000000000000000e+00
7.312499880790710449e-01 0.000000000000000000e+00
7.687500119209289551e-01 0.000000000000000000e+00
8.062499761581420898e-01 0.000000000000000000e+00
8.437500000000000000e-01 0.000000000000000000e+00
8.812500238418579102e-01 0.000000000000000000e+00
9.187499880790710449e-01 0.000000000000000000e+00
9.562500119209289551e-01 0.000000000000000000e+00
9.937500357627868652e-01 0.000000000000000000e+00
1.031250000000000000e+00 0.000000000000000000e+00
1.068749904632568359e+00 1.070000000000000000e+02
1.106250047683715820e+00 9.890000000000000000e+02
1.143749952316284180e+00 4.297000000000000000e+03
1.181250095367431641e+00 1.578600000000000000e+04
1.218750000000000000e+00 4.753200000000000000e+04
1.256249904632568359e+00 1.252370000000000000e+05
1.293750047683715820e+00 2.747000000000000000e+05
1.331249952316284180e+00 5.429090000000000000e+05
1.368750095367431641e+00 9.418140000000000000e+05
1.406250000000000000e+00 1.495172000000000000e+06
1.443749904632568359e+00 2.127707000000000000e+06
1.481250047683715820e+00 2.802621000000000000e+06
1.518749952316284180e+00 3.402669000000000000e+06
1.556250095367431641e+00 3.961259000000000000e+06
1.593750000000000000e+00 4.279221000000000000e+06
1.631249904632568359e+00 4.548770000000000000e+06
1.668750047683715820e+00 4.650574000000000000e+06
1.706249952316284180e+00 4.590562000000000000e+06
1.743750095367431641e+00 4.542459000000000000e+06
1.781250000000000000e+00 4.347714000000000000e+06
1.818749904632568359e+00 4.205596000000000000e+06
1.856250047683715820e+00 3.991339000000000000e+06
1.893749952316284180e+00 3.766455000000000000e+06
1.931250095367431641e+00 3.616516000000000000e+06
1.968750000000000000e+00 3.429533000000000000e+06
2.006249904632568359e+00 3.226560000000000000e+06
2.043750047683715820e+00 3.108134000000000000e+06
2.081249952316284180e+00 2.893991000000000000e+06
2.118750095367431641e+00 2.788134000000000000e+06
2.156250000000000000e+00 2.593729000000000000e+06
2.193749904632568359e+00 2.466710000000000000e+06
2.231250047683715820e+00 2.324498000000000000e+06
2.268749952316284180e+00 2.212615000000000000e+06
2.306250095367431641e+00 2.077227000000000000e+06
2.343750000000000000e+00 1.984008000000000000e+06
2.381249904632568359e+00 1.875255000000000000e+06
2.418750047683715820e+00 1.765087000000000000e+06
2.456249952316284180e+00 1.686723000000000000e+06
2.493750095367431641e+00 1.573790000000000000e+06
2.531250000000000000e+00 1.522379000000000000e+06
2.568749904632568359e+00 1.437079000000000000e+06
2.606250047683715820e+00 1.334054000000000000e+06
2.643749952316284180e+00 1.276124000000000000e+06
2.681250095367431641e+00 1.208439000000000000e+06
2.718750000000000000e+00 1.143116000000000000e+06
2.756249904632568359e+00 1.085728000000000000e+06
2.793750047683715820e+00 1.019733000000000000e+06
2.831249952316284180e+00 9.613220000000000000e+05
2.868750095367431641e+00 9.111210000000000000e+05
2.906250000000000000e+00 8.466680000000000000e+05
2.943749904632568359e+00 1.096053000000000000e+06
2.981250047683715820e+00 2.552580000000000000e+05
