1.875000074505805969e-02 0.000000000000000000e+00
5.625000223517417908e-02 0.000000000000000000e+00
9.375000000000000000e-02 0.000000000000000000e+00
1.312499940395355225e-01 0.000000000000000000e+00
1.687500029802322388e-01 0.000000000000000000e+00
2.062499970197677612e-01 0.000000000000000000e+00
2.437499910593032837e-01 0.000000000000000000e+00
2.812500000000000000e-01 0.000000000000000000e+00
3.187500238418579102e-01 0.000000000000000000e+00
3.562499880790710449e-01 0.000000000000000000e+00
3.937500119209289551e-01 0.000000000000000000e+00
4.312499761581420898e-01 0.000000000000000000e+00
4.687500000000000000e-01 0.000000000000000000e+00
5.062500238418579102e-01 0.000000000000000000e+00
5.437499880790710449e-01 0.000000000000000000e+00
5.812500119209289551e-01 0.000000000000000000e+00
6.187499761581420898e-01 0.000000000000000000e+00
6.562500000000000000e-01 0.000000000000000000e+00
6.937500238418579102e-01 0.000000000000000000e+00
7.312499880790710449e-01 0.000000000000000000e+00
7.687500119209289551e-01 0.000000000000000000e+00
8.062499761581420898e-01 0.000000000000000000e+00
8.437500000000000000e-01 0.000000000000000000e+00
8.812500238418579102e-01 0.000000000000000000e+00
9.187499880790710449e-01 0.000000000000000000e+00
9.562500119209289551e-01 0.000000000000000000e+00
9.937500357627868652e-01 0.000000000000000000e+00
1.031250000000000000e+00 0.000000000000000000e+00
1.068749904632568359e+00 1.210000000000000000e+02
1.106250047683715820e+00 9.770000000000000000e+02
1.143749952316284180e+00 4.277000000000000000e+03
1.181250095367431641e+00 1.575300000000000000e+04
1.218750000000000000e+00 4.727600000000000000e+04
1.256249904632568359e+00 1.264710000000000000e+05
1.293750047683715820e+00 2.780350000000000000e+05
1.331249952316284180e+00 5.382970000000000000e+05
1.368750095367431641e+00 9.398030000000000000e+05
1.406250000000000000e+00 1.483465000000000000e+06
1.443749904632568359e+00 2.128092000000000000e+06
1.481250047683715820e+00 2.767957000000000000e+06
1.518749952316284180e+00 3.404991000000000000e+06
1.556250095367431641e+00 3.939259000000000000e+06
1.593750000000000000e+00 4.305294000000000000e+06
1.631249904632568359e+00 4.576571000000000000e+06
1.668750047683715820e+00 4.684599000000000000e+06
1.706249952316284180e+00 4.590918000000000000e+06
1.743750095367431641e+00 4.506276000000000000e+06
1.781250000000000000e+00 4.359173000000000000e+06
1.818749904632568359e+00 4.204280000000000000e+06
1.856250047683715820e+00 4.016667000000000000e+06
1.893749952316284180e+00 3.776009000000000000e+06
1.931250095367431641e+00 3.671488000000000000e+06
1.968750000000000000e+00 3.388889000000000000e+06
2.006249904632568359e+00 3.210385000000000000e+06
2.043750047683715820e+00 3.091460000000000000e+06
2.081249952316284180e+00 2.864477000000000000e+06
2.118750095367431641e+00 2.763701000000000000e+06
2.156250000000000000e+00 2.620550000000000000e+06
2.193749904632568359e+00 2.484375000000000000e+06
2.231250047683715820e+00 2.315128000000000000e+06
2.268749952316284180e+00 2.214364000000000000e+06
2.306250095367431641e+00 2.101923000000000000e+06
2.343750000000000000e+00 2.003572000000000000e+06
2.381249904632568359e+00 1.884298000000000000e+06
2.418750047683715820e+00 1.759438000000000000e+06
2.456249952316284180e+00 1.694929000000000000e+06
2.493750095367431641e+00 1.581093000000000000e+06
2.531250000000000000e+00 1.509789000000000000e+06
2.568749904632568359e+00 1.417965000000000000e+06
2.606250047683715820e+00 1.336609000000000000e+06
2.643749952316284180e+00 1.271400000000000000e+06
2.681250095367431641e+00 1.194952000000000000e+06
2.718750000000000000e+00 1.138438000000000000e+06
2.756249904632568359e+00 1.083690000000000000e+06
2.793750047683715820e+00 1.014106000000000000e+06
2.831249952316284180e+00 9.672490000000000000e+05
2.868750095367431641e+00 9.164040000000000000e+05
2.906250000000000000e+00 8.517390000000000000e+05
2.943749904632568359e+00 1.089624000000000000e+06
2.981250047683715820e+00 2.528600000000000000e+05
