1.875000074505805969e-02 0.000000000000000000e+00
5.625000223517417908e-02 0.000000000000000000e+00
9.375000000000000000e-02 0.000000000000000000e+00
1.312499940395355225e-01 0.000000000000000000e+00
1.687500029802322388e-01 0.000000000000000000e+00
2.062499970197677612e-01 0.000000000000000000e+00
2.437499910593032837e-01 0.000000000000000000e+00
2.812500000000000000e-01 0.000000000000000000e+00
3.187500238418579102e-01 0.000000000000000000e+00
3.562499880790710449e-01 0.000000000000000000e+00
3.937500119209289551e-01 0.000000000000000000e+00
4.312499761581420898e-01 0.000000000000000000e+00
4.687500000000000000e-01 0.000000000000000000e+00
5.062500238418579102e-01 0.000000000000000000e+00
5.437499880790710449e-01 0.000000000000000000e+00
5.812500119209289551e-01 0.000000000000000000e+00
6.187499761581420898e-01 0.000000000000000000e+00
6.562500000000000000e-01 0.000000000000000000e+00
6.937500238418579102e-01 0.000000000000000000e+00
7.312499880790710449e-01 0.000000000000000000e+00
7.687500119209289551e-01 0.000000000000000000e+00
8.062499761581420898e-01 0.000000000000000000e+00
8.437500000000000000e-01 0.000000000000000000e+00
8.812500238418579102e-01 0.000000000000000000e+00
9.187499880790710449e-01 0.000000000000000000e+00
9.562500119209289551e-01 0.000000000000000000e+00
9.937500357627868652e-01 0.000000000000000000e+00
1.031250000000000000e+00 0.000000000000000000e+00
1.068749904632568359e+00 1.200000000000000000e+02
1.106250047683715820e+00 9.890000000000000000e+02
1.143749952316284180e+00 4.384000000000000000e+03
1.181250095367431641e+00 1.579100000000000000e+04
1.218750000000000000e+00 4.760600000000000000e+04
1.256249904632568359e+00 1.258110000000000000e+05
1.293750047683715820e+00 2.790050000000000000e+05
1.331249952316284180e+00 5.470290000000000000e+05
1.368750095367431641e+00 9.428390000000000000e+05
1.406250000000000000e+00 1.483518000000000000e+06
1.443749904632568359e+00 2.133616000000000000e+06
1.481250047683715820e+00 2.777588000000000000e+06
1.518749952316284180e+00 3.402545000000000000e+06
1.556250095367431641e+00 3.967463000000000000e+06
1.593750000000000000e+00 4.277533000000000000e+06
1.631249904632568359e+00 4.574908000000000000e+06
1.668750047683715820e+00 4.678748000000000000e+06
1.706249952316284180e+00 4.617286000000000000e+06
1.743750095367431641e+00 4.494055000000000000e+06
1.781250000000000000e+00 4.360614000000000000e+06
1.818749904632568359e+00 4.211153000000000000e+06
1.856250047683715820e+00 3.982207000000000000e+06
1.893749952316284180e+00 3.760040000000000000e+06
1.931250095367431641e+00 3.610907000000000000e+06
1.968750000000000000e+00 3.404484000000000000e+06
2.006249904632568359e+00 3.223751000000000000e+06
2.043750047683715820e+00 3.100598000000000000e+06
2.081249952316284180e+00 2.882817000000000000e+06
2.118750095367431641e+00 2.766571000000000000e+06
2.156250000000000000e+00 2.581932000000000000e+06
2.193749904632568359e+00 2.499424000000000000e+06
2.231250047683715820e+00 2.322460000000000000e+06
2.268749952316284180e+00 2.205752000000000000e+06
2.306250095367431641e+00 2.086242000000000000e+06
2.343750000000000000e+00 1.994489000000000000e+06
2.381249904632568359e+00 1.888907000000000000e+06
2.418750047683715820e+00 1.769378000000000000e+06
2.456249952316284180e+00 1.690136000000000000e+06
2.493750095367431641e+00 1.581201000000000000e+06
2.531250000000000000e+00 1.522087000000000000e+06
2.568749904632568359e+00 1.430664000000000000e+06
2.606250047683715820e+00 1.338708000000000000e+06
2.643749952316284180e+00 1.277221000000000000e+06
2.681250095367431641e+00 1.198848000000000000e+06
2.718750000000000000e+00 1.137980000000000000e+06
2.756249904632568359e+00 1.081778000000000000e+06
2.793750047683715820e+00 1.009163000000000000e+06
2.831249952316284180e+00 9.648860000000000000e+05
2.868750095367431641e+00 9.182970000000000000e+05
2.906250000000000000e+00 8.530430000000000000e+05
2.943749904632568359e+00 1.090312000000000000e+06
2.981250047683715820e+00 2.562510000000000000e+05
