3.600000000000000000e+03
3.600800000000001091e+03
3.601600000000002183e+03
3.602400000000001455e+03
3.603199999999999363e+03
3.603999999999999545e+03
3.604800000000000637e+03
3.605600000000001728e+03
3.606400000000001910e+03
3.607200000000002092e+03
3.608000000000000000e+03
3.608800000000001546e+03
3.609600000000002183e+03
3.610400000000001000e+03
3.611200000000002547e+03
3.612000000000004093e+03
3.612800000000002910e+03
3.613600000000004457e+03
3.614400000000003274e+03
3.615200000000002547e+03
3.616000000000004093e+03
3.616800000000004729e+03
3.617600000000003547e+03
3.618400000000003729e+03
3.619200000000005275e+03
3.620000000000004547e+03
3.620800000000005184e+03
3.621600000000003547e+03
3.622400000000006912e+03
3.623200000000003911e+03
3.624000000000005002e+03
3.624800000000006548e+03
3.625600000000007185e+03
3.626400000000006003e+03
3.627200000000005730e+03
3.628000000000007276e+03
3.628800000000005639e+03
3.629600000000004911e+03
3.630400000000005548e+03
3.631200000000008004e+03
3.632000000000007731e+03
3.632800000000006548e+03
3.633600000000006730e+03
3.634400000000009186e+03
3.635200000000009823e+03
3.636000000000007731e+03
3.636800000000009732e+03
3.637600000000009004e+03
3.638400000000009641e+03
3.639200000000007094e+03
3.640000000000010459e+03
3.640800000000009732e+03
3.641600000000008095e+03
3.642400000000007367e+03
3.643200000000008913e+03
3.644000000000008185e+03
3.644800000000007913e+03
3.645600000000011732e+03
3.646400000000011460e+03
3.647200000000008458e+03
3.648000000000010914e+03
3.648800000000012915e+03
3.649600000000011278e+03
3.650400000000012369e+03
3.651200000000013461e+03
3.652000000000010004e+03
3.652800000000010186e+03
3.653600000000010368e+03
3.654400000000011460e+03
3.655200000000012096e+03
3.656000000000010459e+03
3.656800000000012915e+03
3.657600000000012187e+03
3.658400000000015098e+03
3.659200000000013461e+03
3.660000000000014097e+03
3.660800000000015643e+03
3.661600000000015825e+03
3.662400000000013279e+03
3.663200000000015280e+03
3.664000000000012733e+03
3.664800000000015643e+03
3.665600000000016735e+03
3.666400000000013279e+03
3.667200000000016644e+03
3.668000000000014552e+03
3.668800000000016098e+03
3.669600000000015825e+03
3.670400000000016917e+03
3.671200000000016189e+03
3.672000000000014552e+03
3.672800000000014734e+03
3.673600000000015370e+03
3.674400000000016462e+03
3.675200000000015280e+03
3.676000000000016826e+03
3.676800000000016098e+03
3.677600000000019008e+03
3.678400000000017826e+03
3.679200000000016189e+03
3.680000000000018645e+03
3.680800000000018372e+03
3.681600000000016280e+03
3.682400000000018736e+03
3.683200000000019827e+03
3.684000000000017735e+03
3.684800000000019281e+03
3.685600000000019008e+03
3.686400000000020100e+03
3.687200000000018008e+03
3.688000000000019099e+03
3.688800000000018827e+03
3.689600000000020373e+03
3.690400000000019190e+03
3.691200000000021646e+03
3.692000000000019099e+03
3.692800000000021100e+03
3.693600000000022646e+03
3.694400000000021919e+03
3.695200000000019827e+03
3.696000000000021828e+03
3.696800000000021100e+03
3.697600000000021737e+03
3.698400000000023283e+03
3.699200000000021646e+03
3.700000000000022737e+03
3.700800000000024284e+03
3.701600000000024465e+03
3.702400000000022828e+03
3.703200000000023920e+03
3.704000000000021828e+03
3.704800000000022919e+03
3.705600000000024465e+03
3.706400000000026012e+03
3.707200000000023010e+03
3.708000000000025011e+03
3.708800000000025193e+03
3.709600000000024011e+03
3.710400000000026466e+03
3.711200000000023465e+03
3.712000000000026375e+03
3.712800000000025648e+03
3.713600000000027194e+03
3.714400000000026466e+03
3.715200000000026648e+03
3.716000000000024556e+03
3.716800000000027012e+03
3.717600000000028558e+03
3.718400000000025102e+03
3.719200000000027558e+03
3.720000000000028649e+03
3.720800000000027921e+03
3.721600000000025830e+03
3.722400000000026466e+03
3.723200000000027558e+03
3.724000000000028194e+03
3.724800000000027012e+03
3.725600000000026739e+03
3.726400000000029650e+03
3.727200000000026648e+03
3.728000000000027740e+03
3.728800000000027921e+03
3.729600000000028558e+03
3.730400000000031469e+03
3.731200000000029831e+03
3.732000000000029104e+03
3.732800000000029286e+03
3.733600000000031287e+03
3.734400000000030559e+03
3.735200000000030741e+03
3.736000000000029104e+03
3.736800000000032924e+03
3.737600000000031287e+03
3.738400000000032833e+03
3.739200000000033015e+03
3.740000000000031378e+03
3.740800000000030195e+03
3.741600000000031287e+03
3.742400000000030559e+03
3.743200000000032105e+03
3.744000000000033651e+03
3.744800000000034288e+03
3.745600000000033106e+03
3.746400000000034197e+03
3.747200000000031650e+03
3.748000000000034561e+03
3.748800000000034743e+03
3.749600000000034470e+03
3.750400000000035106e+03
3.751200000000033015e+03
3.752000000000033197e+03
3.752800000000033833e+03
3.753600000000034015e+03
3.754400000000036016e+03
3.755200000000035288e+03
3.756000000000035470e+03
3.756800000000037471e+03
3.757600000000036744e+03
3.758400000000034652e+03
3.759200000000035288e+03
3.760000000000036835e+03
3.760800000000035197e+03
3.761600000000036744e+03
3.762400000000038744e+03
3.763200000000038017e+03
3.764000000000036380e+03
3.764800000000038381e+03
3.765600000000038563e+03
3.766400000000036925e+03
3.767200000000038472e+03
3.768000000000036380e+03
3.768800000000037926e+03
3.769600000000036289e+03
3.770400000000038744e+03
3.771200000000036653e+03
3.772000000000040927e+03
3.772800000000037926e+03
3.773600000000037198e+03
3.774400000000040563e+03
3.775200000000040745e+03
3.776000000000038199e+03
3.776800000000039745e+03
3.777600000000039927e+03
3.778400000000041928e+03
3.779200000000041655e+03
3.780000000000040473e+03
3.780800000000041109e+03
3.781600000000042655e+03
3.782400000000039199e+03
3.783200000000042110e+03
3.784000000000040018e+03
3.784800000000043383e+03
3.785600000000041291e+03
3.786400000000041928e+03
3.787200000000041200e+03
3.788000000000044110e+03
3.788800000000043838e+03
3.789600000000043110e+03
3.790400000000044656e+03
3.791200000000044383e+03
3.792000000000041837e+03
3.792800000000042473e+03
3.793600000000042655e+03
3.794400000000044201e+03
3.795200000000045293e+03
3.796000000000045020e+03
3.796800000000045202e+03
3.797600000000045384e+03
3.798400000000044201e+03
3.799200000000046202e+03
3.800000000000046384e+03
3.800800000000045202e+03
3.801600000000045839e+03
3.802400000000045111e+03
3.803200000000046202e+03
3.804000000000046839e+03
3.804800000000044747e+03
3.805600000000045839e+03
3.806400000000044656e+03
3.807200000000045748e+03
3.808000000000047748e+03
3.808800000000046566e+03
3.809600000000048112e+03
3.810400000000048294e+03
3.811200000000048021e+03
3.812000000000045929e+03
3.812800000000047021e+03
3.813600000000049022e+03
3.814400000000046930e+03
3.815200000000049840e+03
3.816000000000048203e+03
3.816800000000049749e+03
3.817600000000047203e+03
3.818400000000050568e+03
3.819200000000048476e+03
3.820000000000048203e+03
3.820800000000048840e+03
3.821600000000049477e+03
3.822400000000049204e+03
3.823200000000050750e+03
3.824000000000051386e+03
3.824800000000051114e+03
3.825600000000049477e+03
3.826400000000052387e+03
3.827200000000049840e+03
3.828000000000052296e+03
3.828800000000051568e+03
3.829600000000052660e+03
3.830400000000052387e+03
3.831200000000053024e+03
3.832000000000052296e+03
3.832800000000054752e+03
3.833600000000051296e+03
3.834400000000054206e+03
3.835200000000052569e+03
3.836000000000051841e+03
3.836800000000053842e+03
3.837600000000052660e+03
3.838400000000054661e+03
3.839200000000054843e+03
3.840000000000052296e+03
3.840800000000054297e+03
3.841600000000052660e+03
3.842400000000054661e+03
3.843200000000057116e+03
3.844000000000055479e+03
3.844800000000053842e+03
3.845600000000056298e+03
3.846400000000055115e+03
3.847200000000054388e+03
3.848000000000058208e+03
3.848800000000053842e+03
3.849600000000058117e+03
3.850400000000057389e+03
3.851200000000055752e+03
3.852000000000055934e+03
3.852800000000056571e+03
3.853600000000056752e+03
3.854400000000057389e+03
3.855200000000057116e+03
3.856000000000056843e+03
3.856800000000057480e+03
3.857600000000058571e+03
3.858400000000060118e+03
3.859200000000057571e+03
3.860000000000056843e+03
3.860800000000059754e+03
3.861600000000059936e+03
3.862400000000061027e+03
3.863200000000058935e+03
3.864000000000060936e+03
3.864800000000060209e+03
3.865600000000061755e+03
3.866400000000062391e+03
3.867200000000061209e+03
3.868000000000060027e+03
3.868800000000060663e+03
3.869600000000062664e+03
3.870400000000061482e+03
3.871200000000063028e+03
3.872000000000059572e+03
3.872800000000059754e+03
3.873600000000061300e+03
3.874400000000061027e+03
3.875200000000063483e+03
3.876000000000062755e+03
3.876800000000063847e+03
3.877600000000062664e+03
3.878400000000061027e+03
3.879200000000064392e+03
3.880000000000063665e+03
3.880800000000064756e+03
3.881600000000063119e+03
3.882400000000062391e+03
3.883200000000062573e+03
3.884000000000063210e+03
3.884800000000065666e+03
3.885600000000065847e+03
3.886400000000065120e+03
3.887200000000064392e+03
3.888000000000065029e+03
3.888800000000064301e+03
3.889600000000064028e+03
3.890400000000064210e+03
3.891200000000064392e+03
3.892000000000064574e+03
3.892800000000066575e+03
3.893600000000067212e+03
3.894400000000068758e+03
3.895200000000066666e+03
3.896000000000066393e+03
3.896800000000068394e+03
3.897600000000065393e+03
3.898400000000067848e+03
3.899200000000068940e+03
3.900000000000066848e+03
3.900800000000069303e+03
3.901600000000069031e+03
3.902400000000069667e+03
3.903200000000067575e+03
3.904000000000067757e+03
3.904800000000070668e+03
3.905600000000071759e+03
3.906400000000069213e+03
3.907200000000070759e+03
3.908000000000068667e+03
3.908800000000068849e+03
3.909600000000070395e+03
3.910400000000069213e+03
3.911200000000070759e+03
3.912000000000070031e+03
3.912800000000069758e+03
3.913600000000070850e+03
3.914400000000071032e+03
3.915200000000073032e+03
3.916000000000072305e+03
3.916800000000072941e+03
3.917600000000072669e+03
3.918400000000073305e+03
3.919200000000070304e+03
3.920000000000071395e+03
3.920800000000072941e+03
3.921600000000071759e+03
3.922400000000074670e+03
3.923200000000075306e+03
3.924000000000073669e+03
3.924800000000072941e+03
3.925600000000074033e+03
3.926400000000072851e+03
3.927200000000075761e+03
3.928000000000075488e+03
3.928800000000074760e+03
3.929600000000076307e+03
3.930400000000074670e+03
3.931200000000073487e+03
3.932000000000075488e+03
3.932800000000077034e+03
3.933600000000074033e+03
3.934400000000074670e+03
3.935200000000075306e+03
3.936000000000076398e+03
3.936800000000077944e+03
3.937600000000077216e+03
3.938400000000078307e+03
3.939200000000078035e+03
3.940000000000076852e+03
3.940800000000075670e+03
3.941600000000078126e+03
3.942400000000076943e+03
3.943200000000076216e+03
3.944000000000079581e+03
3.944800000000078853e+03
3.945600000000077671e+03
3.946400000000078307e+03
3.947200000000079854e+03
3.948000000000080490e+03
3.948800000000078853e+03
3.949600000000079945e+03
3.950400000000080581e+03
3.951200000000078035e+03
3.952000000000079581e+03
3.952800000000081127e+03
3.953600000000081764e+03
3.954400000000079672e+03
3.955200000000080308e+03
3.956000000000080490e+03
3.956800000000081127e+03
3.957600000000080854e+03
3.958400000000082855e+03
3.959200000000080763e+03
3.960000000000080036e+03
3.960800000000080217e+03
3.961600000000081309e+03
3.962400000000081036e+03
3.963200000000081218e+03
3.964000000000081855e+03
3.964800000000082491e+03
3.965600000000081309e+03
3.966400000000083310e+03
3.967200000000084856e+03
3.968000000000084583e+03
3.968800000000084310e+03
3.969600000000084492e+03
3.970400000000084219e+03
3.971200000000085311e+03
3.972000000000085038e+03
3.972800000000086129e+03
3.973600000000086311e+03
3.974400000000086493e+03
3.975200000000085765e+03
3.976000000000085493e+03
3.976800000000085674e+03
3.977600000000084947e+03
3.978400000000084219e+03
3.979200000000087130e+03
3.980000000000087766e+03
3.980800000000085220e+03
3.981600000000086311e+03
3.982400000000084219e+03
3.983200000000085765e+03
3.984000000000087766e+03
3.984800000000085674e+03
3.985600000000089494e+03
3.986400000000086038e+03
3.987200000000089858e+03
3.988000000000088221e+03
3.988800000000087493e+03
3.989600000000087221e+03
3.990400000000089221e+03
3.991200000000089858e+03
3.992000000000090040e+03
3.992800000000089312e+03
3.993600000000089949e+03
3.994400000000091040e+03
3.995200000000088949e+03
3.996000000000091404e+03
3.996800000000090222e+03
3.997600000000092223e+03
3.998400000000088767e+03
3.999200000000089858e+03
4.000000000000090949e+03
4.000800000000092496e+03
4.001600000000092678e+03
4.002400000000091495e+03
4.003200000000090768e+03
4.004000000000092314e+03
4.004800000000093405e+03
4.005600000000090859e+03
4.006400000000092405e+03
4.007200000000089858e+03
4.008000000000093678e+03
4.008800000000093860e+03
4.009600000000090859e+03
4.010400000000090586e+03
4.011200000000091677e+03
4.012000000000093223e+03
4.012800000000092950e+03
4.013600000000092678e+03
4.014400000000095133e+03
4.015200000000093041e+03
4.016000000000095042e+03
4.016800000000095679e+03
4.017600000000094042e+03
4.018400000000094224e+03
4.019200000000093041e+03
4.020000000000096861e+03
4.020800000000095224e+03
4.021600000000096770e+03
4.022400000000097407e+03
4.023200000000097589e+03
4.024000000000095497e+03
4.024800000000097953e+03
4.025600000000095406e+03
4.026400000000096043e+03
4.027200000000095770e+03
4.028000000000095952e+03
4.028800000000097953e+03
4.029600000000095406e+03
4.030400000000099226e+03
4.031200000000096225e+03
4.032000000000097771e+03
4.032800000000095679e+03
4.033600000000098134e+03
4.034400000000097407e+03
4.035200000000098498e+03
4.036000000000098225e+03
4.036800000000098407e+03
4.037600000000100863e+03
4.038400000000098316e+03
4.039200000000101682e+03
4.040000000000100954e+03
4.040800000000097953e+03
4.041600000000099044e+03
4.042400000000099226e+03
4.043200000000100317e+03
4.044000000000100954e+03
4.044800000000099772e+03
4.045600000000102682e+03
4.046400000000099681e+03
4.047200000000101682e+03
4.048000000000101863e+03
4.048800000000102955e+03
4.049600000000102227e+03
4.050400000000100590e+03
4.051200000000103955e+03
4.052000000000104592e+03
4.052800000000102955e+03
4.053600000000104501e+03
4.054400000000103319e+03
4.055200000000104410e+03
4.056000000000101863e+03
4.056800000000102500e+03
4.057600000000104956e+03
4.058400000000101954e+03
4.059200000000103046e+03
4.060000000000105047e+03
4.060800000000103410e+03
4.061600000000105410e+03
4.062400000000106047e+03
4.063200000000103046e+03
4.064000000000105956e+03
4.064800000000107048e+03
4.065600000000106320e+03
4.066400000000106502e+03
4.067200000000105774e+03
4.068000000000105956e+03
4.068800000000107502e+03
4.069600000000105410e+03
4.070400000000106957e+03
4.071200000000105319e+03
4.072000000000105956e+03
4.072800000000107957e+03
4.073600000000105865e+03
4.074400000000106502e+03
4.075200000000109412e+03
4.076000000000110049e+03
4.076800000000106593e+03
4.077600000000109048e+03
4.078400000000108776e+03
4.079200000000108048e+03
4.080000000000109139e+03
4.080800000000107502e+03
4.081600000000110867e+03
4.082400000000107866e+03
4.083200000000111231e+03
4.084000000000111413e+03
4.084800000000109776e+03
4.085600000000110413e+03
4.086400000000111959e+03
4.087200000000110776e+03
4.088000000000110958e+03
4.088800000000110231e+03
4.089600000000112686e+03
4.090400000000112868e+03
4.091200000000112141e+03
4.092000000000110049e+03
4.092800000000112050e+03
4.093600000000109958e+03
4.094400000000110595e+03
4.095200000000114414e+03
4.096000000000110958e+03
4.096800000000111140e+03
4.097600000000112232e+03
4.098400000000112414e+03
4.099200000000115324e+03
4.100000000000112777e+03
4.100800000000113869e+03
4.101600000000114051e+03
4.102400000000115142e+03
4.103200000000112595e+03
4.104000000000114596e+03
4.104800000000113869e+03
4.105600000000114960e+03
4.106400000000116961e+03
4.107200000000115324e+03
4.108000000000115506e+03
4.108800000000115688e+03
4.109600000000114960e+03
4.110400000000116052e+03
4.111200000000115324e+03
4.112000000000116415e+03
4.112800000000115688e+03
4.113600000000116779e+03
4.114400000000117871e+03
4.115200000000115324e+03
4.116000000000119144e+03
4.116800000000118416e+03
4.117600000000117689e+03
4.118400000000116052e+03
4.119200000000119871e+03
4.120000000000117325e+03
4.120800000000119326e+03
4.121600000000116779e+03
4.122400000000118780e+03
4.123200000000118962e+03
4.124000000000120963e+03
4.124800000000121145e+03
4.125600000000121327e+03
4.126400000000120599e+03
4.127200000000119871e+03
4.128000000000119144e+03
4.128800000000118416e+03
4.129600000000120417e+03
4.130400000000122418e+03
4.131200000000121690e+03
4.132000000000120963e+03
4.132800000000120235e+03
4.133600000000120417e+03
4.134400000000123327e+03
4.135200000000122600e+03
4.136000000000123691e+03
4.136800000000121145e+03
4.137600000000122236e+03
4.138400000000123327e+03
4.139200000000124419e+03
4.140000000000123691e+03
4.140800000000123873e+03
4.141600000000124055e+03
4.142400000000123327e+03
4.143200000000124419e+03
4.144000000000121872e+03
4.144800000000122964e+03
4.145600000000125874e+03
4.146400000000126056e+03
4.147200000000126238e+03
4.148000000000122782e+03
4.148800000000123873e+03
4.149600000000124055e+03
4.150400000000126056e+03
4.151200000000127147e+03
4.152000000000127329e+03
4.152800000000125692e+03
4.153600000000125874e+03
4.154400000000126965e+03
4.155200000000128057e+03
4.156000000000126420e+03
4.156800000000124783e+03
4.157600000000128603e+03
4.158400000000125146e+03
4.159200000000125328e+03
4.160000000000128239e+03
4.160800000000127511e+03
4.161600000000127693e+03
4.162400000000127875e+03
4.163200000000127147e+03
4.164000000000129148e+03
4.164800000000128421e+03
4.165600000000128603e+03
4.166400000000128784e+03
4.167200000000128966e+03
4.168000000000127329e+03
4.168800000000131149e+03
4.169600000000131331e+03
4.170400000000129694e+03
4.171200000000129876e+03
4.172000000000130058e+03
4.172800000000131149e+03
4.173600000000131331e+03
4.174400000000128784e+03
4.175200000000131695e+03
4.176000000000129148e+03
4.176800000000129330e+03
4.177600000000133150e+03
4.178400000000131513e+03
4.179200000000130785e+03
4.180000000000130967e+03
4.180800000000133878e+03
4.181600000000133150e+03
4.182400000000133332e+03
4.183200000000132604e+03
4.184000000000133696e+03
4.184800000000132059e+03
4.185600000000131331e+03
4.186400000000133332e+03
4.187200000000135333e+03
4.188000000000133696e+03
4.188800000000132968e+03
4.189600000000132241e+03
4.190400000000134241e+03
4.191200000000133514e+03
4.192000000000132786e+03
4.192800000000134787e+03
4.193600000000136788e+03
4.194400000000136970e+03
4.195200000000133514e+03
4.196000000000135515e+03
4.196800000000137516e+03
4.197600000000137697e+03
4.198400000000134241e+03
4.199200000000135333e+03
4.200000000000136424e+03
4.200800000000135697e+03
4.201600000000138607e+03
4.202400000000136060e+03
4.203200000000137152e+03
4.204000000000138243e+03
4.204800000000135697e+03
4.205600000000137697e+03
4.206400000000136970e+03
4.207200000000139880e+03
4.208000000000137334e+03
4.208800000000139335e+03
4.209600000000138607e+03
4.210400000000139698e+03
4.211200000000138971e+03
4.212000000000138243e+03
4.212800000000141154e+03
4.213600000000140426e+03
4.214400000000141517e+03
4.215200000000138061e+03
4.216000000000140972e+03
4.216800000000140244e+03
4.217600000000139516e+03
4.218400000000142427e+03
4.219200000000139880e+03
4.220000000000142791e+03
4.220800000000140244e+03
4.221600000000140426e+03
4.222400000000143336e+03
4.223200000000141699e+03
4.224000000000142791e+03
4.224800000000143882e+03
4.225600000000143154e+03
4.226400000000143336e+03
4.227200000000141699e+03
4.228000000000142791e+03
4.228800000000144792e+03
4.229600000000141335e+03
4.230400000000145155e+03
4.231200000000142609e+03
4.232000000000143700e+03
4.232800000000144792e+03
4.233600000000144064e+03
4.234400000000144246e+03
4.235200000000144428e+03
4.236000000000143700e+03
4.236800000000143882e+03
4.237600000000144064e+03
4.238400000000146974e+03
4.239200000000145337e+03
4.240000000000145519e+03
4.240800000000146611e+03
4.241600000000144064e+03
4.242400000000144246e+03
4.243200000000147156e+03
4.244000000000146429e+03
4.244800000000144792e+03
4.245600000000147702e+03
4.246400000000148793e+03
4.247200000000148975e+03
4.248000000000148248e+03
4.248800000000147520e+03
4.249600000000146792e+03
4.250400000000147884e+03
4.251200000000147156e+03
4.252000000000149157e+03
4.252800000000147520e+03
4.253600000000147702e+03
4.254400000000150612e+03
4.255200000000149885e+03
4.256000000000150976e+03
4.256800000000150249e+03
4.257600000000150430e+03
4.258400000000147884e+03
4.259200000000151704e+03
4.260000000000151886e+03
4.260800000000148430e+03
4.261600000000150430e+03
4.262400000000150612e+03
4.263200000000149885e+03
4.264000000000150976e+03
4.264800000000152977e+03
4.265600000000152249e+03
4.266400000000153341e+03
4.267200000000152613e+03
4.268000000000151886e+03
4.268800000000153887e+03
4.269600000000153159e+03
4.270400000000150612e+03
4.271200000000152613e+03
4.272000000000152795e+03
4.272800000000153887e+03
4.273600000000152249e+03
4.274400000000152431e+03
4.275200000000153523e+03
4.276000000000152795e+03
4.276800000000153887e+03
4.277600000000152249e+03
4.278400000000153341e+03
4.279200000000155342e+03
4.280000000000155524e+03
4.280800000000156615e+03
4.281600000000154068e+03
4.282400000000156979e+03
4.283200000000157161e+03
4.284000000000156433e+03
4.284800000000155705e+03
4.285600000000154978e+03
4.286400000000156979e+03
4.287200000000156251e+03
4.288000000000157343e+03
4.288800000000155705e+03
4.289600000000157706e+03
4.290400000000155160e+03
4.291200000000155342e+03
4.292000000000159162e+03
4.292800000000156615e+03
4.293600000000158616e+03
4.294400000000156979e+03
4.295200000000158070e+03
4.296000000000158252e+03
4.296800000000156615e+03
4.297600000000157706e+03
4.298400000000157888e+03
4.299200000000160799e+03
4.300000000000159162e+03
4.300800000000158434e+03
4.301600000000158616e+03
4.302400000000161526e+03
4.303200000000158980e+03
4.304000000000161890e+03
4.304800000000161162e+03
4.305600000000158616e+03
4.306400000000160617e+03
4.307200000000158980e+03
4.308000000000159162e+03
4.308800000000162072e+03
4.309600000000160435e+03
4.310400000000159707e+03
4.311200000000163527e+03
4.312000000000160981e+03
4.312800000000160253e+03
4.313600000000162254e+03
4.314400000000161526e+03
4.315200000000162618e+03
4.316000000000164619e+03
4.316800000000162981e+03
4.317600000000164073e+03
4.318400000000162436e+03
4.319200000000161708e+03
4.320000000000161890e+03
4.320800000000165710e+03
4.321600000000165892e+03
4.322400000000166074e+03
4.323200000000164437e+03
4.324000000000162800e+03
4.324800000000165710e+03
4.325600000000164073e+03
4.326400000000166983e+03
4.327200000000165346e+03
4.328000000000163709e+03
4.328800000000166619e+03
4.329600000000166801e+03
4.330400000000166983e+03
4.331200000000165346e+03
4.332000000000164619e+03
4.332800000000166619e+03
4.333600000000167711e+03
4.334400000000166983e+03
4.335200000000168984e+03
4.336000000000167347e+03
4.336800000000168438e+03
4.337600000000167711e+03
4.338400000000166074e+03
4.339200000000168075e+03
4.340000000000170076e+03
4.340800000000169348e+03
4.341600000000168620e+03
4.342400000000169712e+03
4.343200000000167165e+03
4.344000000000168257e+03
4.344800000000168438e+03
4.345600000000167711e+03
4.346400000000169712e+03
4.347200000000170803e+03
4.348000000000171894e+03
4.348800000000169348e+03
4.349600000000168620e+03
4.350400000000171531e+03
4.351200000000169894e+03
4.352000000000170985e+03
4.352800000000172986e+03
4.353600000000172258e+03
4.354400000000171531e+03
4.355200000000173532e+03
4.356000000000170985e+03
4.356800000000172076e+03
4.357600000000171349e+03
4.358400000000172440e+03
4.359200000000171713e+03
4.360000000000171894e+03
4.360800000000173895e+03
4.361600000000173168e+03
4.362400000000175169e+03
4.363200000000172622e+03
4.364000000000174623e+03
4.364800000000172076e+03
4.365600000000175896e+03
4.366400000000175169e+03
4.367200000000175351e+03
4.368000000000176442e+03
4.368800000000176624e+03
4.369600000000175896e+03
4.370400000000173350e+03
4.371200000000175351e+03
4.372000000000176442e+03
4.372800000000173895e+03
4.373600000000177715e+03
4.374400000000176988e+03
4.375200000000177170e+03
4.376000000000177351e+03
4.376800000000174805e+03
4.377600000000176806e+03
4.378400000000177897e+03
4.379200000000177170e+03
4.380000000000176442e+03
4.380800000000177533e+03
4.381600000000176806e+03
4.382400000000176078e+03
4.383200000000177170e+03
4.384000000000176442e+03
4.384800000000178443e+03
4.385600000000176806e+03
4.386400000000180626e+03
4.387200000000177170e+03
4.388000000000177351e+03
4.388800000000178443e+03
4.389600000000178625e+03
4.390400000000177897e+03
4.391200000000178079e+03
4.392000000000180989e+03
4.392800000000179352e+03
4.393600000000182263e+03
4.394400000000181535e+03
4.395200000000181717e+03
4.396000000000180080e+03
4.396800000000180262e+03
4.397600000000182263e+03
4.398400000000179716e+03
4.399200000000182627e+03
4.400000000000180080e+03
4.400800000000183900e+03
4.401600000000182263e+03
4.402400000000183354e+03
4.403200000000182627e+03
4.404000000000182808e+03
4.404800000000182990e+03
4.405600000000184991e+03
4.406400000000182445e+03
4.407200000000185355e+03
4.408000000000185537e+03
4.408800000000182990e+03
4.409600000000182263e+03
4.410400000000186083e+03
4.411200000000185355e+03
4.412000000000185537e+03
4.412800000000183900e+03
4.413600000000185901e+03
4.414400000000186992e+03
4.415200000000186265e+03
4.416000000000187356e+03
4.416800000000187538e+03
4.417600000000184991e+03
4.418400000000186992e+03
4.419200000000186265e+03
4.420000000000184627e+03
4.420800000000186628e+03
4.421600000000187720e+03
4.422400000000185173e+03
4.423200000000187174e+03
4.424000000000187356e+03
4.424800000000189357e+03
4.425600000000188629e+03
4.426400000000189721e+03
4.427200000000188993e+03
4.428000000000187356e+03
4.428800000000186628e+03
4.429600000000186810e+03
4.430400000000188811e+03
4.431200000000188993e+03
4.432000000000189175e+03
4.432800000000189357e+03
4.433600000000188629e+03
4.434400000000188811e+03
4.435200000000188084e+03
4.436000000000188265e+03
4.436800000000189357e+03
4.437600000000192267e+03
4.438400000000192449e+03
4.439200000000188993e+03
4.440000000000189175e+03
4.440800000000192085e+03
4.441600000000193177e+03
4.442400000000189721e+03
4.443200000000193540e+03
4.444000000000190994e+03
4.444800000000192995e+03
4.445600000000192267e+03
4.446400000000190630e+03
4.447200000000193540e+03
4.448000000000192813e+03
4.448800000000191176e+03
4.449600000000192267e+03
4.450400000000194268e+03
4.451200000000192631e+03
4.452000000000191903e+03
4.452800000000192995e+03
4.453600000000193177e+03
4.454400000000193359e+03
4.455200000000192631e+03
4.456000000000192813e+03
4.456800000000192995e+03
4.457600000000196815e+03
4.458400000000195178e+03
4.459200000000196269e+03
4.460000000000196451e+03
4.460800000000196633e+03
4.461600000000197724e+03
4.462400000000196087e+03
4.463200000000198088e+03
4.464000000000197360e+03
4.464800000000194814e+03
4.465600000000198634e+03
4.466400000000196997e+03
4.467200000000198088e+03
4.468000000000195541e+03
4.468800000000196633e+03
4.469600000000196815e+03
4.470400000000197906e+03
4.471200000000199907e+03
4.472000000000196451e+03
4.472800000000197542e+03
4.473600000000196815e+03
4.474400000000196997e+03
4.475200000000198997e+03
4.476000000000197360e+03
4.476800000000199361e+03
4.477600000000199543e+03
4.478400000000197906e+03
4.479200000000201726e+03
4.480000000000201908e+03
4.480800000000199361e+03
4.481600000000199543e+03
4.482400000000199725e+03
4.483200000000202635e+03
4.484000000000201908e+03
4.484800000000200271e+03
4.485600000000203181e+03
4.486400000000199725e+03
4.487200000000200816e+03
4.488000000000200998e+03
4.488800000000203909e+03
4.489600000000203181e+03
4.490400000000200635e+03
4.491200000000204454e+03
4.492000000000203727e+03
4.492800000000203909e+03
4.493600000000202272e+03
4.494400000000202454e+03
4.495200000000205364e+03
4.496000000000203727e+03
4.496800000000203909e+03
4.497600000000205910e+03
4.498400000000204273e+03
4.499200000000204454e+03
4.500000000000205546e+03
4.500800000000203909e+03
4.501600000000203181e+03
4.502400000000204273e+03
4.503200000000207183e+03
4.504000000000204636e+03
4.504800000000203909e+03
4.505600000000204091e+03
4.506400000000207910e+03
4.507200000000207183e+03
4.508000000000208274e+03
4.508800000000205728e+03
4.509600000000208638e+03
4.510400000000207001e+03
4.511200000000206273e+03
4.512000000000208274e+03
4.512800000000209366e+03
4.513600000000207729e+03
4.514400000000207910e+03
4.515200000000206273e+03
4.516000000000209184e+03
4.516800000000207547e+03
4.517600000000210457e+03
4.518400000000209729e+03
4.519200000000209002e+03
4.520000000000206455e+03
4.520800000000208456e+03
4.521600000000207729e+03
4.522400000000211548e+03
4.523200000000209911e+03
4.524000000000208274e+03
4.524800000000208456e+03
4.525600000000208638e+03
4.526400000000209729e+03
4.527200000000209002e+03
4.528000000000210093e+03
4.528800000000211185e+03
4.529600000000209548e+03
4.530400000000210639e+03
4.531200000000210821e+03
4.532000000000211003e+03
4.532800000000210275e+03
4.533600000000211367e+03
4.534400000000210639e+03
4.535200000000211730e+03
4.536000000000213731e+03
4.536800000000213004e+03
4.537600000000213186e+03
4.538400000000213367e+03
4.539200000000214459e+03
4.540000000000211912e+03
4.540800000000213913e+03
4.541600000000215914e+03
4.542400000000213367e+03
4.543200000000214459e+03
4.544000000000214641e+03
4.544800000000213913e+03
4.545600000000214095e+03
4.546400000000216096e+03
4.547200000000214459e+03
4.548000000000214641e+03
4.548800000000213913e+03
4.549600000000214095e+03
4.550400000000216096e+03
4.551200000000215368e+03
4.552000000000217369e+03
4.552800000000214823e+03
4.553600000000215005e+03
4.554400000000218824e+03
4.555200000000215368e+03
4.556000000000217369e+03
4.556800000000215732e+03
4.557600000000215914e+03
4.558400000000216096e+03
4.559200000000219006e+03
4.560000000000217369e+03
4.560800000000218461e+03
4.561600000000220462e+03
4.562400000000218824e+03
4.563200000000219916e+03
4.564000000000220098e+03
4.564800000000217551e+03
4.565600000000217733e+03
4.566400000000218824e+03
4.567200000000218097e+03
4.568000000000217369e+03
4.568800000000220280e+03
4.569600000000219552e+03
4.570400000000221553e+03
4.571200000000220825e+03
4.572000000000219188e+03
4.572800000000220280e+03
4.573600000000221371e+03
4.574400000000221553e+03
4.575200000000222644e+03
4.576000000000223736e+03
4.576800000000220280e+03
4.577600000000222281e+03
4.578400000000221553e+03
4.579200000000224463e+03
4.580000000000224645e+03
4.580800000000223918e+03
4.581600000000224099e+03
4.582400000000221553e+03
4.583200000000223554e+03
4.584000000000224645e+03
4.584800000000223008e+03
4.585600000000223190e+03
4.586400000000225191e+03
4.587200000000224463e+03
4.588000000000225555e+03
4.588800000000223918e+03
4.589600000000226828e+03
4.590400000000225191e+03
4.591200000000224463e+03
4.592000000000223736e+03
4.592800000000224827e+03
4.593600000000225009e+03
4.594400000000225191e+03
4.595200000000227192e+03
4.596000000000224645e+03
4.596800000000229375e+03
4.597600000000227737e+03
4.598400000000226100e+03
4.599200000000225373e+03
4.600000000000228283e+03
4.600800000000227556e+03
4.601600000000227737e+03
4.602400000000226100e+03
4.603200000000229920e+03
4.604000000000230102e+03
4.604800000000229375e+03
4.605600000000229556e+03
4.606400000000227919e+03
4.607200000000229011e+03
4.608000000000230102e+03
4.608800000000229375e+03
4.609600000000230466e+03
4.610400000000229738e+03
4.611200000000229920e+03
4.612000000000231012e+03
4.612800000000229375e+03
4.613600000000232285e+03
4.614400000000228829e+03
4.615200000000229920e+03
4.616000000000231921e+03
4.616800000000230284e+03
4.617600000000233194e+03
4.618400000000233376e+03
4.619200000000233558e+03
4.620000000000233740e+03
4.620800000000233922e+03
4.621600000000231375e+03
4.622400000000230648e+03
4.623200000000230830e+03
4.624000000000232831e+03
4.624800000000231194e+03
4.625600000000232285e+03
4.626400000000231557e+03
4.627200000000232649e+03
4.628000000000235559e+03
4.628800000000234832e+03
4.629600000000235923e+03
4.630400000000235195e+03
4.631200000000234468e+03
4.632000000000236469e+03
4.632800000000233013e+03
4.633600000000233194e+03
4.634400000000233376e+03
4.635200000000237196e+03
4.636000000000233740e+03
4.636800000000237560e+03
4.637600000000234104e+03
4.638400000000237014e+03
4.639200000000237196e+03
4.640000000000234650e+03
4.640800000000234832e+03
4.641600000000236832e+03
4.642400000000237924e+03
4.643200000000237196e+03
4.644000000000235559e+03
4.644800000000239379e+03
4.645600000000237742e+03
4.646400000000236105e+03
4.647200000000237196e+03
4.648000000000239197e+03
4.648800000000238470e+03
4.649600000000239561e+03
4.650400000000238833e+03
4.651200000000239925e+03
4.652000000000240107e+03
4.652800000000240289e+03
4.653600000000238651e+03
4.654400000000237924e+03
4.655200000000238106e+03
4.656000000000241016e+03
4.656800000000239379e+03
4.657600000000242289e+03
4.658400000000240652e+03
4.659200000000241744e+03
4.660000000000242835e+03
4.660800000000241198e+03
4.661600000000239561e+03
4.662400000000241562e+03
4.663200000000241744e+03
4.664000000000240107e+03
4.664800000000240289e+03
4.665600000000243199e+03
4.666400000000244290e+03
4.667200000000240834e+03
4.668000000000241926e+03
4.668800000000244836e+03
4.669600000000243199e+03
4.670400000000242471e+03
4.671200000000241744e+03
4.672000000000242835e+03
4.672800000000243017e+03
4.673600000000243199e+03
4.674400000000244290e+03
4.675200000000245382e+03
4.676000000000246473e+03
4.676800000000245745e+03
4.677600000000242289e+03
4.678400000000246109e+03
4.679200000000245382e+03
4.680000000000245564e+03
4.680800000000245745e+03
4.681600000000245927e+03
4.682400000000245200e+03
4.683200000000247201e+03
4.684000000000248292e+03
4.684800000000247564e+03
4.685600000000248656e+03
4.686400000000247928e+03
4.687200000000247201e+03
4.688000000000248292e+03
4.688800000000248474e+03
4.689600000000248656e+03
4.690400000000247019e+03
4.691200000000246291e+03
4.692000000000246473e+03
4.692800000000246655e+03
4.693600000000247746e+03
4.694400000000249747e+03
4.695200000000249929e+03
4.696000000000251021e+03
4.696800000000250293e+03
4.697600000000249565e+03
4.698400000000249747e+03
4.699200000000248110e+03
4.700000000000250111e+03
4.700800000000253021e+03
4.701600000000249565e+03
4.702400000000251566e+03
4.703200000000252658e+03
4.704000000000251930e+03
4.704800000000249383e+03
4.705600000000250475e+03
4.706400000000249747e+03
4.707200000000249929e+03
4.708000000000251021e+03
4.708800000000250293e+03
4.709600000000253203e+03
4.710400000000254295e+03
4.711200000000254477e+03
4.712000000000251021e+03
4.712800000000253021e+03
4.713600000000252294e+03
4.714400000000252476e+03
4.715200000000254477e+03
4.716000000000252840e+03
4.716800000000253021e+03
4.717600000000255932e+03
4.718400000000252476e+03
4.719200000000252658e+03
4.720000000000253749e+03
4.720800000000254840e+03
4.721600000000253203e+03
4.722400000000253385e+03
4.723200000000253567e+03
4.724000000000258296e+03
4.724800000000257569e+03
4.725600000000255022e+03
4.726400000000255204e+03
4.727200000000257205e+03
4.728000000000254659e+03
4.728800000000255750e+03
4.729600000000257751e+03
4.730400000000256114e+03
4.731200000000259024e+03
4.732000000000257387e+03
4.732800000000258478e+03
4.733600000000258660e+03
4.734400000000258842e+03
4.735200000000258115e+03
4.736000000000256478e+03
4.736800000000259388e+03
4.737600000000259570e+03
4.738400000000257023e+03
4.739200000000260843e+03
4.740000000000259206e+03
4.740800000000257569e+03
4.741600000000257751e+03
4.742400000000258842e+03
4.743200000000258115e+03
4.744000000000258296e+03
4.744800000000260297e+03
4.745600000000262298e+03
4.746400000000258842e+03
4.747200000000259934e+03
4.748000000000261934e+03
4.748800000000259388e+03
4.749600000000263208e+03
4.750400000000262480e+03
4.751200000000259934e+03
4.752000000000263753e+03
4.752800000000263026e+03
4.753600000000263208e+03
4.754400000000262480e+03
4.755200000000263572e+03
4.756000000000263753e+03
4.756800000000262116e+03
4.757600000000262298e+03
4.758400000000265209e+03
4.759200000000262662e+03
4.760000000000261934e+03
4.760800000000265754e+03
4.761600000000265027e+03
4.762400000000263390e+03
4.763200000000267210e+03
4.764000000000262844e+03
4.764800000000263935e+03
4.765600000000263208e+03
4.766400000000266118e+03
4.767200000000266300e+03
4.768000000000266482e+03
4.768800000000266664e+03
4.769600000000265936e+03
4.770400000000265209e+03
4.771200000000266300e+03
4.772000000000266482e+03
4.772800000000268483e+03
4.773600000000265027e+03
4.774400000000265209e+03
4.775200000000265391e+03
4.776000000000269210e+03
4.776800000000269392e+03
4.777600000000265936e+03
4.778400000000267028e+03
4.779200000000269029e+03
4.780000000000267391e+03
4.780800000000269392e+03
4.781600000000270484e+03
4.782400000000269756e+03
4.783200000000268119e+03
4.784000000000271029e+03
4.784800000000269392e+03
4.785600000000270484e+03
4.786400000000271575e+03
4.787200000000269938e+03
4.788000000000269210e+03
4.788800000000271211e+03
4.789600000000271393e+03
4.790400000000272485e+03
4.791200000000269938e+03
4.792000000000272848e+03
4.792800000000271211e+03
4.793600000000270484e+03
4.794400000000271575e+03
4.795200000000269938e+03
4.796000000000271939e+03
4.796800000000273030e+03
4.797600000000270484e+03
4.798400000000270666e+03
4.799200000000271757e+03
4.800000000000274667e+03
4.800800000000271211e+03
4.801600000000275031e+03
4.802400000000272485e+03
4.803200000000271757e+03
4.804000000000275577e+03
4.804800000000275759e+03
4.805600000000272303e+03
4.806400000000276123e+03
4.807200000000275395e+03
4.808000000000273758e+03
4.808800000000273940e+03
4.809600000000272303e+03
4.810400000000275213e+03
4.811200000000276304e+03
4.812000000000277396e+03
4.812800000000277578e+03
4.813600000000277760e+03
4.814400000000277942e+03
4.815200000000276304e+03
4.816000000000275577e+03
4.816800000000278487e+03
4.817600000000275031e+03
4.818400000000278851e+03
4.819200000000274486e+03
4.820000000000276486e+03
4.820800000000277578e+03
4.821600000000276850e+03
4.822400000000277032e+03
4.823200000000276304e+03
4.824000000000277396e+03
4.824800000000276668e+03
4.825600000000277760e+03
4.826400000000280670e+03
4.827200000000279033e+03
4.828000000000281943e+03
4.828800000000281216e+03
4.829600000000280488e+03
4.830400000000281580e+03
4.831200000000281761e+03
4.832000000000278305e+03
4.832800000000281216e+03
4.833600000000281398e+03
4.834400000000279761e+03
4.835200000000279942e+03
4.836000000000281943e+03
4.836800000000283035e+03
4.837600000000283217e+03
4.838400000000283399e+03
4.839200000000282671e+03
4.840000000000281034e+03
4.840800000000283944e+03
4.841600000000282307e+03
4.842400000000281580e+03
4.843200000000284490e+03
4.844000000000285581e+03
4.844800000000281216e+03
4.845600000000284126e+03
4.846400000000280670e+03
4.847200000000282671e+03
4.848000000000282853e+03
4.848800000000282125e+03
4.849600000000282307e+03
4.850400000000283399e+03
4.851200000000285399e+03
4.852000000000285581e+03
4.852800000000283035e+03
4.853600000000284126e+03
4.854400000000285218e+03
4.855200000000287218e+03
4.856000000000283762e+03
4.856800000000288492e+03
4.857600000000285036e+03
4.858400000000287946e+03
4.859200000000286309e+03
4.860000000000288310e+03
4.860800000000288492e+03
4.861600000000288674e+03
4.862400000000287946e+03
4.863200000000285399e+03
4.864000000000287400e+03
4.864800000000287582e+03
4.865600000000289583e+03
4.866400000000289765e+03
4.867200000000289947e+03
4.868000000000288310e+03
4.868800000000290311e+03
4.869600000000286855e+03
4.870400000000287037e+03
4.871200000000289037e+03
4.872000000000288310e+03
4.872800000000287582e+03
4.873600000000289583e+03
4.874400000000288856e+03
4.875200000000290856e+03
4.876000000000289219e+03
4.876800000000290311e+03
4.877600000000289583e+03
4.878400000000293403e+03
4.879200000000292675e+03
4.880000000000292857e+03
4.880800000000291220e+03
4.881600000000290493e+03
4.882400000000290675e+03
4.883200000000291766e+03
4.884000000000291038e+03
4.884800000000290311e+03
4.885600000000291402e+03
4.886400000000289765e+03
4.887200000000290856e+03
4.888000000000294676e+03
4.888800000000290311e+03
4.889600000000291402e+03
4.890400000000295222e+03
4.891200000000295404e+03
4.892000000000291948e+03
4.892800000000295768e+03
4.893600000000294131e+03
4.894400000000295222e+03
4.895200000000296313e+03
4.896000000000294676e+03
4.896800000000293949e+03
4.897600000000295950e+03
4.898400000000294312e+03
4.899200000000297223e+03
4.900000000000297405e+03
4.900800000000297587e+03
4.901600000000295950e+03
4.902400000000297041e+03
4.903200000000296313e+03
4.904000000000298314e+03
4.904800000000296677e+03
4.905600000000296859e+03
4.906400000000295222e+03
4.907200000000297223e+03
4.908000000000294676e+03
4.908800000000297587e+03
4.909600000000297769e+03
4.910400000000296131e+03
4.911200000000296313e+03
4.912000000000299224e+03
4.912800000000297587e+03
4.913600000000296859e+03
4.914400000000300679e+03
4.915200000000297223e+03
4.916000000000301043e+03
4.916800000000299406e+03
4.917600000000299588e+03
4.918400000000301588e+03
4.919200000000300861e+03
4.920000000000299224e+03
4.920800000000300315e+03
4.921600000000300497e+03
4.922400000000303407e+03
4.923200000000301770e+03
4.924000000000301952e+03
4.924800000000302134e+03
4.925600000000302316e+03
4.926400000000302498e+03
4.927200000000299951e+03
4.928000000000301043e+03
4.928800000000301225e+03
4.929600000000303226e+03
4.930400000000304317e+03
4.931200000000302680e+03
4.932000000000301952e+03
4.932800000000303953e+03
4.933600000000303226e+03
4.934400000000304317e+03
4.935200000000300861e+03
4.936000000000303771e+03
4.936800000000305772e+03
4.937600000000304135e+03
4.938400000000302498e+03
4.939200000000302680e+03
4.940000000000304681e+03
4.940800000000304863e+03
4.941600000000304135e+03
4.942400000000303407e+03
4.943200000000305408e+03
4.944000000000305590e+03
4.944800000000305772e+03
4.945600000000304135e+03
4.946400000000305226e+03
4.947200000000308137e+03
4.948000000000309228e+03
4.948800000000304863e+03
4.949600000000308683e+03
4.950400000000307045e+03
4.951200000000307227e+03
4.952000000000307409e+03
4.952800000000308501e+03
4.953600000000308683e+03
4.954400000000309774e+03
4.955200000000309046e+03
4.956000000000309228e+03
4.956800000000311229e+03
4.957600000000307773e+03
4.958400000000309774e+03
4.959200000000310865e+03
4.960000000000311957e+03
4.960800000000308501e+03
4.961600000000307773e+03
4.962400000000310683e+03
4.963200000000309046e+03
4.964000000000307409e+03
4.964800000000308501e+03
4.965600000000310501e+03
4.966400000000309774e+03
4.967200000000310865e+03
4.968000000000309228e+03
4.968800000000309410e+03
4.969600000000309592e+03
4.970400000000309774e+03
4.971200000000312684e+03
4.972000000000312866e+03
4.972800000000312139e+03
4.973600000000313230e+03
4.974400000000314321e+03
4.975200000000311775e+03
4.976000000000312866e+03
4.976800000000313048e+03
4.977600000000313230e+03
4.978400000000314321e+03
4.979200000000315413e+03
4.980000000000316504e+03
4.980800000000311229e+03
4.981600000000315049e+03
4.982400000000313412e+03
4.983200000000316322e+03
4.984000000000313776e+03
4.984800000000314867e+03
4.985600000000313230e+03
4.986400000000316140e+03
4.987200000000313594e+03
4.988000000000313776e+03
4.988800000000316686e+03
4.989600000000315049e+03
4.990400000000317959e+03
4.991200000000315413e+03
4.992000000000314685e+03
4.992800000000317596e+03
4.993600000000317777e+03
4.994400000000316140e+03
4.995200000000316322e+03
4.996000000000314685e+03
4.996800000000316686e+03
4.997600000000316868e+03
4.998400000000316140e+03
4.999200000000316322e+03
5.000000000000316504e+03
5.000800000000319415e+03
5.001600000000319596e+03
5.002400000000317959e+03
5.003200000000316322e+03
5.004000000000321052e+03
5.004800000000321234e+03
5.005600000000320506e+03
5.006400000000317959e+03
5.007200000000319960e+03
5.008000000000318323e+03
5.008800000000318505e+03
5.009600000000320506e+03
5.010400000000322507e+03
5.011200000000322689e+03
5.012000000000321961e+03
5.012800000000322143e+03
5.013600000000323234e+03
5.014400000000323416e+03
5.015200000000321779e+03
5.016000000000324690e+03
5.016800000000323053e+03
5.017600000000321415e+03
5.018400000000320688e+03
5.019200000000321779e+03
5.020000000000321961e+03
5.020800000000323053e+03
5.021600000000323234e+03
5.022400000000322507e+03
5.023200000000322689e+03
5.024000000000324690e+03
5.024800000000325781e+03
5.025600000000322325e+03
5.026400000000325235e+03
5.027200000000323598e+03
5.028000000000324690e+03
5.028800000000323053e+03
5.029600000000326872e+03
5.030400000000327964e+03
5.031200000000326327e+03
5.032000000000322871e+03
5.032800000000325781e+03
5.033600000000326872e+03
5.034400000000327054e+03
5.035200000000325417e+03
5.036000000000326509e+03
5.036800000000325781e+03
5.037600000000325053e+03
5.038400000000327964e+03
5.039200000000328146e+03
5.040000000000326509e+03
5.040800000000328509e+03
5.041600000000328691e+03
5.042400000000328873e+03
5.043200000000329965e+03
5.044000000000327418e+03
5.044800000000328509e+03
5.045600000000325963e+03
5.046400000000330692e+03
5.047200000000329965e+03
5.048000000000327418e+03
5.048800000000328509e+03
5.049600000000327782e+03
5.050400000000328873e+03
5.051200000000332693e+03
5.052000000000328328e+03
5.052800000000331238e+03
5.053600000000331420e+03
5.054400000000329783e+03
5.055200000000329965e+03
5.056000000000329237e+03
5.056800000000333057e+03
5.057600000000330510e+03
5.058400000000333421e+03
5.059200000000332693e+03
5.060000000000332875e+03
5.060800000000329419e+03
5.061600000000330510e+03
5.062400000000334330e+03
5.063200000000331784e+03
5.064000000000334694e+03
5.064800000000332147e+03
5.065600000000335967e+03
5.066400000000336149e+03
5.067200000000331784e+03
5.068000000000334694e+03
5.068800000000334876e+03
5.069600000000335967e+03
5.070400000000335240e+03
5.071200000000335422e+03
5.072000000000336513e+03
5.072800000000333057e+03
5.073600000000335967e+03
5.074400000000336149e+03
5.075200000000334512e+03
5.076000000000334694e+03
5.076800000000333966e+03
5.077600000000336877e+03
5.078400000000337059e+03
5.079200000000333603e+03
5.080000000000338332e+03
5.080800000000336695e+03
5.081600000000338696e+03
5.082400000000338878e+03
5.083200000000337241e+03
5.084000000000338332e+03
5.084800000000340333e+03
5.085600000000336877e+03
5.086400000000337968e+03
5.087200000000339060e+03
5.088000000000339242e+03
5.088800000000341242e+03
5.089600000000338696e+03
5.090400000000340697e+03
5.091200000000338150e+03
5.092000000000339242e+03
5.092800000000340333e+03
5.093600000000342334e+03
5.094400000000340697e+03
5.095200000000342698e+03
5.096000000000340151e+03
5.096800000000338514e+03
5.097600000000337786e+03
5.098400000000339787e+03
5.099200000000341788e+03
5.100000000000342880e+03
5.100800000000342152e+03
5.101600000000342334e+03
5.102400000000343425e+03
5.103200000000339060e+03
5.104000000000340151e+03
5.104800000000340333e+03
5.105600000000340515e+03
5.106400000000340697e+03
5.107200000000340879e+03
5.108000000000341970e+03
5.108800000000344880e+03
5.109600000000345062e+03
5.110400000000344335e+03
5.111200000000342698e+03
5.112000000000342880e+03
5.112800000000344880e+03
5.113600000000346881e+03
5.114400000000343425e+03
5.115200000000343607e+03
5.116000000000347427e+03
5.116800000000346699e+03
5.117600000000344153e+03
5.118400000000346154e+03
5.119200000000344517e+03
5.120000000000346517e+03
5.120800000000348518e+03
5.121600000000347791e+03
5.122400000000345244e+03
5.123200000000344517e+03
5.124000000000346517e+03
5.124800000000347609e+03
5.125600000000349610e+03
5.126400000000348882e+03
5.127200000000347245e+03
5.128000000000345608e+03
5.128800000000345790e+03
5.129600000000349610e+03
5.130400000000347063e+03
5.131200000000349064e+03
5.132000000000345608e+03
5.132800000000349428e+03
5.133600000000348700e+03
5.134400000000350701e+03
5.135200000000348155e+03
5.136000000000347427e+03
5.136800000000352156e+03
5.137600000000346881e+03
5.138400000000351611e+03
5.139200000000349064e+03
5.140000000000348336e+03
5.140800000000348518e+03
5.141600000000350519e+03
5.142400000000348882e+03
5.143200000000350883e+03
5.144000000000352884e+03
5.144800000000352156e+03
5.145600000000349610e+03
5.146400000000351611e+03
5.147200000000349974e+03
5.148000000000352884e+03
5.148800000000353066e+03
5.149600000000352338e+03
5.150400000000352520e+03
5.151200000000354521e+03
5.152000000000354703e+03
5.152800000000353066e+03
5.153600000000355067e+03
5.154400000000355249e+03
5.155200000000351793e+03
5.156000000000354703e+03
5.156800000000355794e+03
5.157600000000353248e+03
5.158400000000354339e+03
5.159200000000356340e+03
5.160000000000352884e+03
5.160800000000357613e+03
5.161600000000357795e+03
5.162400000000354339e+03
5.163200000000355431e+03
5.164000000000355612e+03
5.164800000000355794e+03
5.165600000000354157e+03
5.166400000000357068e+03
5.167200000000354521e+03
5.168000000000357431e+03
5.168800000000355794e+03
5.169600000000357795e+03
5.170400000000357068e+03
5.171200000000356340e+03
5.172000000000356522e+03
5.172800000000359432e+03
5.173600000000355976e+03
5.174400000000360706e+03
5.175200000000357250e+03
5.176000000000359250e+03
5.176800000000359432e+03
5.177600000000357795e+03
5.178400000000358887e+03
5.179200000000359978e+03
5.180000000000361979e+03
5.180800000000356704e+03
5.181600000000360524e+03
5.182400000000362525e+03
5.183200000000359069e+03
5.184000000000361979e+03
5.184800000000360342e+03
5.185600000000361433e+03
5.186400000000359796e+03
5.187200000000360887e+03
5.188000000000362888e+03
5.188800000000363070e+03
5.189600000000363252e+03
5.190400000000364344e+03
5.191200000000360887e+03
5.192000000000361979e+03
5.192800000000360342e+03
5.193600000000364162e+03
5.194400000000362525e+03
5.195200000000361797e+03
5.196000000000361069e+03
5.196800000000363070e+03
5.197600000000363252e+03
5.198400000000366163e+03
5.199200000000362706e+03
5.200000000000364707e+03
5.200800000000363980e+03
5.201600000000362343e+03
5.202400000000366163e+03
5.203200000000363616e+03
5.204000000000364707e+03
5.204800000000366708e+03
5.205600000000364162e+03
5.206400000000365253e+03
5.207200000000366344e+03
5.208000000000366526e+03
5.208800000000367618e+03
5.209600000000365071e+03
5.210400000000368891e+03
5.211200000000366344e+03
5.212000000000364707e+03
5.212800000000364889e+03
5.213600000000366890e+03
5.214400000000368891e+03
5.215200000000367254e+03
5.216000000000370164e+03
5.216800000000369437e+03
5.217600000000370528e+03
5.218400000000368891e+03
5.219200000000366344e+03
5.220000000000367436e+03
5.220800000000371256e+03
5.221600000000367800e+03
5.222400000000368891e+03
5.223200000000368163e+03
5.224000000000369255e+03
5.224800000000368527e+03
5.225600000000371438e+03
5.226400000000369801e+03
5.227200000000369073e+03
5.228000000000368345e+03
5.228800000000367618e+03
5.229600000000370528e+03
5.230400000000368891e+03
5.231200000000372711e+03
5.232000000000371074e+03
5.232800000000370346e+03
5.233600000000373257e+03
5.234400000000373439e+03
5.235200000000369982e+03
5.236000000000372893e+03
5.236800000000373075e+03
5.237600000000374166e+03
5.238400000000372529e+03
5.239200000000374530e+03
5.240000000000372893e+03
5.240800000000371256e+03
5.241600000000375985e+03
5.242400000000374348e+03
5.243200000000375439e+03
5.244000000000374712e+03
5.244800000000372165e+03
5.245600000000375076e+03
5.246400000000376167e+03
5.247200000000372711e+03
5.248000000000374712e+03
5.248800000000372165e+03
5.249600000000376895e+03
5.250400000000374348e+03
5.251200000000377258e+03
5.252000000000374712e+03
5.252800000000375803e+03
5.253600000000375076e+03
5.254400000000374348e+03
5.255200000000373620e+03
5.256000000000376531e+03
5.256800000000375803e+03
5.257600000000375076e+03
5.258400000000379805e+03
5.259200000000379077e+03
5.260000000000379259e+03
5.260800000000376713e+03
5.261600000000375076e+03
5.262400000000377077e+03
5.263200000000375439e+03
5.264000000000376531e+03
5.264800000000378532e+03
5.265600000000377804e+03
5.266400000000376167e+03
5.267200000000381806e+03
5.268000000000379259e+03
5.268800000000380351e+03
5.269600000000381442e+03
5.270400000000377077e+03
5.271200000000379077e+03
5.272000000000381988e+03
5.272800000000382170e+03
5.273600000000381442e+03
5.274400000000381624e+03
5.275200000000381806e+03
5.276000000000378350e+03
5.276800000000382170e+03
5.277600000000381442e+03
5.278400000000381624e+03
5.279200000000382715e+03
5.280000000000381078e+03
5.280800000000383079e+03
5.281600000000385080e+03
5.282400000000384352e+03
5.283200000000382715e+03
5.284000000000380169e+03
5.284800000000384898e+03
5.285600000000385080e+03
5.286400000000385262e+03
5.287200000000385444e+03
5.288000000000384716e+03
5.288800000000385808e+03
5.289600000000383261e+03
5.290400000000382533e+03
5.291200000000381806e+03
5.292000000000382897e+03
5.292800000000382170e+03
5.293600000000383261e+03
5.294400000000383443e+03
5.295200000000385444e+03
5.296000000000383807e+03
5.296800000000386717e+03
5.297600000000388718e+03
5.298400000000387990e+03
5.299200000000385444e+03
5.300000000000386535e+03
5.300800000000383989e+03
5.301600000000385080e+03
5.302400000000384352e+03
5.303200000000389082e+03
5.304000000000388354e+03
5.304800000000388536e+03
5.305600000000386899e+03
5.306400000000389809e+03
5.307200000000389082e+03
5.308000000000390173e+03
5.308800000000385808e+03
5.309600000000389628e+03
5.310400000000386171e+03
5.311200000000390901e+03
5.312000000000388354e+03
5.312800000000386717e+03
5.313600000000390537e+03
5.314400000000390719e+03
5.315200000000390901e+03
5.316000000000389264e+03
5.316800000000392174e+03
5.317600000000389628e+03
5.318400000000393447e+03
5.319200000000391810e+03
5.320000000000392902e+03
5.320800000000389446e+03
5.321600000000391447e+03
5.322400000000388900e+03
5.323200000000392720e+03
5.324000000000394721e+03
5.324800000000392174e+03
5.325600000000394175e+03
5.326400000000392538e+03
5.327200000000391810e+03
5.328000000000393811e+03
5.328800000000390355e+03
5.329600000000390537e+03
5.330400000000391628e+03
5.331200000000395448e+03
5.332000000000394721e+03
5.332800000000391265e+03
5.333600000000392356e+03
5.334400000000395266e+03
5.335200000000396358e+03
5.336000000000397449e+03
5.336800000000393993e+03
5.337600000000393266e+03
5.338400000000396176e+03
5.339200000000393629e+03
5.340000000000395630e+03
5.340800000000393993e+03
5.341600000000397813e+03
5.342400000000397085e+03
5.343200000000397267e+03
5.344000000000397449e+03
5.344800000000396722e+03
5.345600000000399632e+03
5.346400000000398904e+03
5.347200000000399086e+03
5.348000000000397449e+03
5.348800000000397631e+03
5.349600000000396903e+03
5.350400000000397085e+03
5.351200000000400905e+03
5.352000000000398359e+03
5.352800000000396722e+03
5.353600000000396903e+03
5.354400000000399814e+03
5.355200000000399086e+03
5.356000000000401087e+03
5.356800000000398541e+03
5.357600000000396903e+03
5.358400000000398904e+03
5.359200000000398177e+03
5.360000000000401997e+03
5.360800000000397631e+03
5.361600000000402360e+03
5.362400000000402542e+03
5.363200000000403634e+03
5.364000000000400178e+03
5.364800000000399450e+03
5.365600000000404179e+03
5.366400000000398904e+03
5.367200000000402724e+03
5.368000000000402906e+03
5.368800000000401269e+03
5.369600000000401451e+03
5.370400000000404361e+03
5.371200000000404543e+03
5.372000000000403816e+03
5.372800000000401269e+03
5.373600000000401451e+03
5.374400000000402542e+03
5.375200000000402724e+03
5.376000000000404725e+03
5.376800000000404907e+03
5.377600000000404179e+03
5.378400000000404361e+03
5.379200000000404543e+03
5.380000000000402906e+03
5.380800000000405817e+03
5.381600000000404179e+03
5.382400000000406180e+03
5.383200000000408181e+03
5.384000000000405635e+03
5.384800000000404907e+03
5.385600000000405089e+03
5.386400000000405271e+03
5.387200000000408181e+03
5.388000000000406544e+03
5.388800000000406726e+03
5.389600000000405998e+03
5.390400000000407999e+03
5.391200000000408181e+03
5.392000000000410182e+03
5.392800000000405817e+03
5.393600000000408727e+03
5.394400000000408909e+03
5.395200000000408181e+03
5.396000000000411092e+03
5.396800000000410364e+03
5.397600000000410546e+03
5.398400000000407090e+03
5.399200000000409091e+03
5.400000000000410182e+03
5.400800000000410364e+03
5.401600000000408727e+03
5.402400000000407999e+03
5.403200000000410910e+03
5.404000000000412911e+03
5.404800000000409455e+03
5.405600000000409636e+03
5.406400000000407999e+03
5.407200000000411819e+03
5.408000000000412001e+03
5.408800000000408545e+03
5.409600000000413274e+03
5.410400000000413456e+03
5.411200000000411819e+03
5.412000000000411092e+03
5.412800000000411274e+03
5.413600000000412365e+03
5.414400000000414366e+03
5.415200000000412729e+03
5.416000000000411092e+03
5.416800000000414911e+03
5.417600000000414184e+03
5.418400000000411637e+03
5.419200000000415457e+03
5.420000000000412001e+03
5.420800000000413092e+03
5.421600000000416912e+03
5.422400000000416185e+03
5.423200000000414548e+03
5.424000000000412911e+03
5.424800000000415821e+03
5.425600000000413274e+03
5.426400000000417094e+03
5.427200000000413638e+03
5.428000000000414730e+03
5.428800000000414002e+03
5.429600000000415093e+03
5.430400000000415275e+03
5.431200000000414548e+03
5.432000000000418368e+03
5.432800000000414911e+03
5.433600000000416912e+03
5.434400000000415275e+03
5.435200000000415457e+03
5.436000000000420187e+03
5.436800000000417640e+03
5.437600000000418731e+03
5.438400000000418004e+03
5.439200000000420914e+03
5.440000000000417458e+03
5.440800000000421278e+03
5.441600000000420550e+03
5.442400000000419823e+03
5.443200000000421824e+03
5.444000000000421096e+03
5.444800000000417640e+03
5.445600000000422369e+03
5.446400000000418913e+03
5.447200000000420005e+03
5.448000000000419277e+03
5.448800000000421278e+03
5.449600000000420550e+03
5.450400000000418004e+03
5.451200000000419095e+03
5.452000000000420187e+03
5.452800000000423097e+03
5.453600000000420550e+03
5.454400000000424370e+03
5.455200000000423643e+03
5.456000000000419277e+03
5.456800000000422187e+03
5.457600000000423279e+03
5.458400000000424370e+03
5.459200000000420005e+03
5.460000000000424734e+03
5.460800000000424006e+03
5.461600000000423279e+03
5.462400000000421642e+03
5.463200000000420914e+03
5.464000000000423825e+03
5.464800000000423097e+03
5.465600000000421460e+03
5.466400000000426189e+03
5.467200000000426371e+03
5.468000000000425644e+03
5.468800000000425825e+03
5.469600000000426917e+03
5.470400000000427099e+03
5.471200000000422733e+03
5.472000000000426553e+03
5.472800000000424916e+03
5.473600000000426917e+03
5.474400000000427099e+03
5.475200000000423643e+03
5.476000000000426553e+03
5.476800000000424916e+03
5.477600000000427826e+03
5.478400000000428008e+03
5.479200000000425462e+03
5.480000000000426553e+03
5.480800000000426735e+03
5.481600000000427826e+03
5.482400000000428008e+03
5.483200000000430919e+03
5.484000000000426553e+03
5.484800000000429463e+03
5.485600000000426917e+03
5.486400000000428918e+03
5.487200000000430919e+03
5.488000000000427463e+03
5.488800000000431282e+03
5.489600000000430555e+03
5.490400000000431646e+03
5.491200000000429100e+03
5.492000000000432919e+03
5.492800000000428554e+03
5.493600000000430555e+03
5.494400000000428008e+03
5.495200000000431828e+03
5.496000000000431100e+03
5.496800000000433101e+03
5.497600000000433283e+03
5.498400000000430737e+03
5.499200000000433647e+03
5.500000000000431100e+03
